Time - Plot 0	Amplitude - Plot 0	
0	-7883	
8E-9	-7883	
1.6E-8	-7882	
2.4E-8	-7882	
3.2E-8	-7882	
4E-8	-7883	
4.8E-8	-7884	
5.6E-8	-7884	
6.4E-8	-7884	
7.2E-8	-7883	
8E-8	-7883	
8.8E-8	-7884	
9.6E-8	-7884	
1.04E-7	-7883	
1.12E-7	-7883	
1.2E-7	-7883	
1.28E-7	-7883	
1.36E-7	-7882	
1.44E-7	-7882	
1.52E-7	-7881	
1.6E-7	-7882	
1.68E-7	-7882	
1.76E-7	-7882	
1.84E-7	-7881	
1.92E-7	-7880	
2E-7	-7880	
2.08E-7	-7880	
2.16E-7	-7881	
2.24E-7	-7881	
2.32E-7	-7882	
2.4E-7	-7882	
2.48E-7	-7883	
2.56E-7	-7884	
2.64E-7	-7884	
2.72E-7	-7884	
2.8E-7	-7883	
2.88E-7	-7883	
2.96E-7	-7883	
3.04E-7	-7883	
3.12E-7	-7884	
3.2E-7	-7883	
3.28E-7	-7883	
3.36E-7	-7883	
3.44E-7	-7883	
3.52E-7	-7884	
3.6E-7	-7884	
3.68E-7	-7884	
3.76E-7	-7884	
3.84E-7	-7884	
3.92E-7	-7884	
4E-7	-7884	
4.08E-7	-7884	
4.16E-7	-7883	
4.24E-7	-7883	
4.32E-7	-7883	
4.4E-7	-7883	
4.48E-7	-7884	
4.56E-7	-7884	
4.64E-7	-7885	
4.72E-7	-7885	
4.8E-7	-7884	
4.88E-7	-7884	
4.96E-7	-7883	
5.04E-7	-7884	
5.12E-7	-7884	
5.2E-7	-7883	
5.28E-7	-7883	
5.36E-7	-7884	
5.44E-7	-7884	
5.52E-7	-7884	
5.6E-7	-7885	
5.68E-7	-7885	
5.76E-7	-7884	
5.84E-7	-7884	
5.92E-7	-7883	
6E-7	-7883	
6.08E-7	-7883	
6.16E-7	-7883	
6.24E-7	-7883	
6.32E-7	-7883	
6.4E-7	-7883	
6.48E-7	-7883	
6.56E-7	-7884	
6.64E-7	-7884	
6.72E-7	-7885	
6.8E-7	-7885	
6.88E-7	-7885	
6.96E-7	-7884	
7.04E-7	-7884	
7.12E-7	-7884	
7.2E-7	-7884	
7.28E-7	-7884	
7.36E-7	-7883	
7.44E-7	-7883	
7.52E-7	-7883	
7.6E-7	-7884	
7.68E-7	-7884	
7.76E-7	-7883	
7.84E-7	-7883	
7.92E-7	-7883	
8E-7	-7883	
8.08E-7	-7883	
8.16E-7	-7883	
8.24E-7	-7883	
8.32E-7	-7883	
8.4E-7	-7882	
8.48E-7	-7882	
8.56E-7	-7882	
8.64E-7	-7882	
8.72E-7	-7882	
8.8E-7	-7882	
8.88E-7	-7883	
8.96E-7	-7883	
9.04E-7	-7884	
9.12E-7	-7884	
9.2E-7	-7884	
9.28E-7	-7884	
9.36E-7	-7884	
9.44E-7	-7884	
9.52E-7	-7883	
9.6E-7	-7883	
9.68E-7	-7884	
9.76E-7	-7884	
9.84E-7	-7885	
9.92E-7	-7885	
1E-6	-7884	
1.008E-6	-7883	
1.016E-6	-7883	
1.024E-6	-7882	
1.032E-6	-7883	
1.04E-6	-7883	
1.048E-6	-7883	
1.056E-6	-7883	
1.064E-6	-7883	
1.072E-6	-7883	
1.08E-6	-7883	
1.088E-6	-7883	
1.096E-6	-7883	
1.104E-6	-7883	
1.112E-6	-7883	
1.12E-6	-7883	
1.128E-6	-7884	
1.136E-6	-7884	
1.144E-6	-7884	
1.152E-6	-7884	
1.16E-6	-7884	
1.168E-6	-7883	
1.176E-6	-7883	
1.184E-6	-7883	
1.192E-6	-7883	
1.2E-6	-7883	
1.208E-6	-7883	
1.216E-6	-7883	
1.224E-6	-7882	
1.232E-6	-7881	
1.24E-6	-7881	
1.248E-6	-7881	
1.256E-6	-7881	
1.264E-6	-7882	
1.272E-6	-7884	
1.28E-6	-7885	
1.288E-6	-7885	
1.296E-6	-7885	
1.304E-6	-7884	
1.312E-6	-7883	
1.32E-6	-7883	
1.328E-6	-7882	
1.336E-6	-7882	
1.344E-6	-7882	
1.352E-6	-7882	
1.36E-6	-7881	
1.368E-6	-7881	
1.376E-6	-7881	
1.384E-6	-7881	
1.392E-6	-7881	
1.4E-6	-7882	
1.408E-6	-7884	
1.416E-6	-7884	
1.424E-6	-7884	
1.432E-6	-7883	
1.44E-6	-7882	
1.448E-6	-7880	
1.456E-6	-7880	
1.464E-6	-7880	
1.472E-6	-7880	
1.48E-6	-7881	
1.488E-6	-7882	
1.496E-6	-7883	
1.504E-6	-7883	
1.512E-6	-7883	
1.52E-6	-7882	
1.528E-6	-7882	
1.536E-6	-7881	
1.544E-6	-7881	
1.552E-6	-7881	
1.56E-6	-7881	
1.568E-6	-7882	
1.576E-6	-7883	
1.584E-6	-7883	
1.592E-6	-7882	
1.6E-6	-7881	
1.608E-6	-7880	
1.616E-6	-7881	
1.624E-6	-7882	
1.632E-6	-7882	
1.64E-6	-7882	
1.648E-6	-7882	
1.656E-6	-7882	
1.664E-6	-7881	
1.672E-6	-7882	
1.68E-6	-7882	
1.688E-6	-7883	
1.696E-6	-7883	
1.704E-6	-7882	
1.712E-6	-7881	
1.72E-6	-7880	
1.728E-6	-7879	
1.736E-6	-7880	
1.744E-6	-7881	
1.752E-6	-7882	
1.76E-6	-7882	
1.768E-6	-7882	
1.776E-6	-7881	
1.784E-6	-7881	
1.792E-6	-7881	
1.8E-6	-7881	
1.808E-6	-7881	
1.816E-6	-7882	
1.824E-6	-7882	
1.832E-6	-7882	
1.84E-6	-7882	
1.848E-6	-7883	
1.856E-6	-7882	
1.864E-6	-7882	
1.872E-6	-7881	
1.88E-6	-7881	
1.888E-6	-7881	
1.896E-6	-7881	
1.904E-6	-7881	
1.912E-6	-7881	
1.92E-6	-7881	
1.928E-6	-7882	
1.936E-6	-7882	
1.944E-6	-7884	
1.952E-6	-7884	
1.96E-6	-7885	
1.968E-6	-7885	
1.976E-6	-7884	
1.984E-6	-7884	
1.992E-6	-7884	
2E-6	-7883	
2.008E-6	-7882	
2.016E-6	-7881	
2.024E-6	-7881	
2.032E-6	-7881	
2.04E-6	-7880	
2.048E-6	-7880	
2.056E-6	-7880	
2.064E-6	-7881	
2.072E-6	-7882	
2.08E-6	-7883	
2.088E-6	-7884	
2.096E-6	-7884	
2.104E-6	-7883	
2.112E-6	-7883	
2.12E-6	-7883	
2.128E-6	-7883	
2.136E-6	-7883	
2.144E-6	-7883	
2.152E-6	-7882	
2.16E-6	-7881	
2.168E-6	-7881	
2.176E-6	-7881	
2.184E-6	-7881	
2.192E-6	-7881	
2.2E-6	-7880	
2.208E-6	-7880	
2.216E-6	-7880	
2.224E-6	-7880	
2.232E-6	-7880	
2.24E-6	-7880	
2.248E-6	-7881	
2.256E-6	-7881	
2.264E-6	-7881	
2.272E-6	-7880	
2.28E-6	-7880	
2.288E-6	-7880	
2.296E-6	-7880	
2.304E-6	-7880	
2.312E-6	-7880	
2.32E-6	-7880	
2.328E-6	-7880	
2.336E-6	-7880	
2.344E-6	-7882	
2.352E-6	-7882	
2.36E-6	-7882	
2.368E-6	-7881	
2.376E-6	-7880	
2.384E-6	-7880	
2.392E-6	-7881	
2.4E-6	-7882	
2.408E-6	-7881	
2.416E-6	-7881	
2.424E-6	-7881	
2.432E-6	-7881	
2.44E-6	-7881	
2.448E-6	-7881	
2.456E-6	-7881	
2.464E-6	-7881	
2.472E-6	-7880	
2.48E-6	-7880	
2.488E-6	-7880	
2.496E-6	-7879	
2.504E-6	-7879	
2.512E-6	-7879	
2.52E-6	-7880	
2.528E-6	-7880	
2.536E-6	-7881	
2.544E-6	-7881	
2.552E-6	-7880	
2.56E-6	-7880	
2.568E-6	-7880	
2.576E-6	-7880	
2.584E-6	-7881	
2.592E-6	-7881	
2.6E-6	-7883	
2.608E-6	-7884	
2.616E-6	-7884	
2.624E-6	-7884	
2.632E-6	-7884	
2.64E-6	-7883	
2.648E-6	-7882	
2.656E-6	-7881	
2.664E-6	-7880	
2.672E-6	-7879	
2.68E-6	-7879	
2.688E-6	-7879	
2.696E-6	-7879	
2.704E-6	-7879	
2.712E-6	-7879	
2.72E-6	-7880	
2.728E-6	-7880	
2.736E-6	-7879	
2.744E-6	-7880	
2.752E-6	-7880	
2.76E-6	-7880	
2.768E-6	-7880	
2.776E-6	-7880	
2.784E-6	-7880	
2.792E-6	-7880	
2.8E-6	-7880	
2.808E-6	-7880	
2.816E-6	-7880	
2.824E-6	-7882	
2.832E-6	-7176	
2.84E-6	-4829	
2.848E-6	-1386	
2.856E-6	1971	
2.864E-6	4676	
2.872E-6	6569	
2.88E-6	7714	
2.888E-6	8282	
2.896E-6	8462	
2.904E-6	8418	
2.912E-6	8274	
2.92E-6	8107	
2.928E-6	7961	
2.936E-6	7852	
2.944E-6	7782	
2.952E-6	7744	
2.96E-6	7730	
2.968E-6	7729	
2.976E-6	7737	
2.984E-6	7747	
2.992E-6	7757	
3E-6	7765	
3.008E-6	7771	
3.016E-6	7775	
3.024E-6	7778	
3.032E-6	7778	
3.04E-6	7779	
3.048E-6	7779	
3.056E-6	7779	
3.064E-6	7779	
3.072E-6	7779	
3.08E-6	7779	
3.088E-6	7780	
3.096E-6	7781	
3.104E-6	7781	
3.112E-6	7781	
3.12E-6	7782	
3.128E-6	7783	
3.136E-6	7783	
3.144E-6	7783	
3.152E-6	7782	
3.16E-6	7782	
3.168E-6	7782	
3.176E-6	7781	
3.184E-6	7782	
3.192E-6	7782	
3.2E-6	7781	
3.208E-6	7780	
3.216E-6	7780	
3.224E-6	7780	
3.232E-6	7782	
3.24E-6	7783	
3.248E-6	7784	
3.256E-6	7785	
3.264E-6	7785	
3.272E-6	7785	
3.28E-6	7785	
3.288E-6	7784	
3.296E-6	7784	
3.304E-6	7784	
3.312E-6	7785	
3.32E-6	7785	
3.328E-6	7785	
3.336E-6	7785	
3.344E-6	7785	
3.352E-6	7784	
3.36E-6	7785	
3.368E-6	7786	
3.376E-6	7787	
3.384E-6	7788	
3.392E-6	7788	
3.4E-6	7788	
3.408E-6	7788	
3.416E-6	7788	
3.424E-6	7788	
3.432E-6	7788	
3.44E-6	7787	
3.448E-6	7786	
3.456E-6	7786	
3.464E-6	7785	
3.472E-6	7785	
3.48E-6	7784	
3.488E-6	7785	
3.496E-6	7786	
3.504E-6	7787	
3.512E-6	7787	
3.52E-6	7786	
3.528E-6	7786	
3.536E-6	7786	
3.544E-6	7786	
3.552E-6	7786	
3.56E-6	7786	
3.568E-6	7786	
3.576E-6	7786	
3.584E-6	7785	
3.592E-6	7785	
3.6E-6	7786	
3.608E-6	7786	
3.616E-6	7785	
3.624E-6	7785	
3.632E-6	7786	
3.64E-6	7786	
3.648E-6	7786	
3.656E-6	7786	
3.664E-6	7786	
3.672E-6	7786	
3.68E-6	7786	
3.688E-6	7785	
3.696E-6	7786	
3.704E-6	7786	
3.712E-6	7787	
3.72E-6	7788	
3.728E-6	7789	
3.736E-6	7789	
3.744E-6	7789	
3.752E-6	7788	
3.76E-6	7788	
3.768E-6	7788	
3.776E-6	7788	
3.784E-6	7788	
3.792E-6	7788	
3.8E-6	7788	
3.808E-6	7788	
3.816E-6	7788	
3.824E-6	7788	
3.832E-6	7787	
3.84E-6	7787	
3.848E-6	7786	
3.856E-6	7786	
3.864E-6	7785	
3.872E-6	7784	
3.88E-6	7784	
3.888E-6	7785	
3.896E-6	7786	
3.904E-6	7786	
3.912E-6	7787	
3.92E-6	7787	
3.928E-6	7787	
3.936E-6	7786	
3.944E-6	7786	
3.952E-6	7786	
3.96E-6	7786	
3.968E-6	7786	
3.976E-6	7786	
3.984E-6	7787	
3.992E-6	7787	
4E-6	7787	
4.008E-6	7788	
4.016E-6	7788	
4.024E-6	7787	
4.032E-6	7786	
4.04E-6	7786	
4.048E-6	7785	
4.056E-6	7784	
4.064E-6	7784	
4.072E-6	7784	
4.08E-6	7784	
4.088E-6	7785	
4.096E-6	7784	
4.104E-6	7784	
4.112E-6	7783	
4.12E-6	7783	
4.128E-6	7784	
4.136E-6	7784	
4.144E-6	7784	
4.152E-6	7784	
4.16E-6	7784	
4.168E-6	7784	
4.176E-6	7784	
4.184E-6	7785	
4.192E-6	7785	
4.2E-6	7785	
4.208E-6	7784	
4.216E-6	7784	
4.224E-6	7783	
4.232E-6	7784	
4.24E-6	7784	
4.248E-6	7784	
4.256E-6	7785	
4.264E-6	7786	
4.272E-6	7786	
4.28E-6	7786	
4.288E-6	7786	
4.296E-6	7785	
4.304E-6	7785	
4.312E-6	7785	
4.32E-6	7784	
4.328E-6	7783	
4.336E-6	7782	
4.344E-6	7782	
4.352E-6	7783	
4.36E-6	7783	
4.368E-6	7784	
4.376E-6	7783	
4.384E-6	7783	
4.392E-6	7784	
4.4E-6	7784	
4.408E-6	7784	
4.416E-6	7784	
4.424E-6	7784	
4.432E-6	7785	
4.44E-6	7785	
4.448E-6	7785	
4.456E-6	7784	
4.464E-6	7784	
4.472E-6	7783	
4.48E-6	7783	
4.488E-6	7784	
4.496E-6	7783	
4.504E-6	7782	
4.512E-6	7782	
4.52E-6	7782	
4.528E-6	7783	
4.536E-6	7784	
4.544E-6	7785	
4.552E-6	7786	
4.56E-6	7786	
4.568E-6	7786	
4.576E-6	7786	
4.584E-6	7785	
4.592E-6	7784	
4.6E-6	7783	
4.608E-6	7783	
4.616E-6	7783	
4.624E-6	7784	
4.632E-6	7784	
4.64E-6	7785	
4.648E-6	7785	
4.656E-6	7784	
4.664E-6	7784	
4.672E-6	7784	
4.68E-6	7783	
4.688E-6	7782	
4.696E-6	7782	
4.704E-6	7782	
4.712E-6	7782	
4.72E-6	7783	
4.728E-6	7783	
4.736E-6	7783	
4.744E-6	7783	
4.752E-6	7783	
4.76E-6	7783	
4.768E-6	7783	
4.776E-6	7783	
4.784E-6	7784	
4.792E-6	7784	
4.8E-6	7784	
4.808E-6	7784	
4.816E-6	7785	
4.824E-6	7785	
4.832E-6	7785	
4.84E-6	7785	
4.848E-6	7786	
4.856E-6	7786	
4.864E-6	7785	
4.872E-6	7784	
4.88E-6	7784	
4.888E-6	7783	
4.896E-6	7783	
4.904E-6	7784	
4.912E-6	7784	
4.92E-6	7784	
4.928E-6	7784	
4.936E-6	7785	
4.944E-6	7786	
4.952E-6	7786	
4.96E-6	7786	
4.968E-6	7786	
4.976E-6	7786	
4.984E-6	7786	
4.992E-6	7785	
5E-6	7785	
5.008E-6	7785	
5.016E-6	7786	
5.024E-6	7786	
5.032E-6	7786	
5.04E-6	7786	
5.048E-6	7785	
5.056E-6	7784	
5.064E-6	7784	
5.072E-6	7784	
5.08E-6	7784	
5.088E-6	7784	
5.096E-6	7784	
5.104E-6	7783	
5.112E-6	7783	
5.12E-6	7784	
5.128E-6	7784	
5.136E-6	7784	
5.144E-6	7784	
5.152E-6	7783	
5.16E-6	7784	
5.168E-6	7785	
5.176E-6	7787	
5.184E-6	7788	
5.192E-6	7788	
5.2E-6	7788	
5.208E-6	7788	
5.216E-6	7788	
5.224E-6	7788	
5.232E-6	7787	
5.24E-6	7786	
5.248E-6	7784	
5.256E-6	7783	
5.264E-6	7782	
5.272E-6	7782	
5.28E-6	7782	
5.288E-6	7783	
5.296E-6	7784	
5.304E-6	7785	
5.312E-6	7786	
5.32E-6	7786	
5.328E-6	7786	
5.336E-6	7785	
5.344E-6	7785	
5.352E-6	7784	
5.36E-6	7783	
5.368E-6	7782	
5.376E-6	7781	
5.384E-6	7781	
5.392E-6	7781	
5.4E-6	7781	
5.408E-6	7782	
5.416E-6	7783	
5.424E-6	7783	
5.432E-6	7783	
5.44E-6	7783	
5.448E-6	7783	
5.456E-6	7784	
5.464E-6	7784	
5.472E-6	7785	
5.48E-6	7786	
5.488E-6	7786	
5.496E-6	7785	
5.504E-6	7784	
5.512E-6	7784	
5.52E-6	7783	
5.528E-6	7783	
5.536E-6	7783	
5.544E-6	7783	
5.552E-6	7784	
5.56E-6	7784	
5.568E-6	7784	
5.576E-6	7784	
5.584E-6	7784	
5.592E-6	7784	
5.6E-6	7784	
5.608E-6	7784	
5.616E-6	7784	
5.624E-6	7783	
5.632E-6	7783	
5.64E-6	7784	
5.648E-6	7783	
5.656E-6	7783	
5.664E-6	7783	
5.672E-6	7782	
5.68E-6	7782	
5.688E-6	7782	
5.696E-6	7782	
5.704E-6	7782	
5.712E-6	7783	
5.72E-6	7784	
5.728E-6	7785	
5.736E-6	7785	
5.744E-6	7786	
5.752E-6	7786	
5.76E-6	7785	
5.768E-6	7784	
5.776E-6	7784	
5.784E-6	7783	
5.792E-6	7782	
5.8E-6	7782	
5.808E-6	7783	
5.816E-6	7783	
5.824E-6	7784	
5.832E-6	7784	
5.84E-6	7784	
5.848E-6	7784	
5.856E-6	7784	
5.864E-6	7785	
5.872E-6	7785	
5.88E-6	7786	
5.888E-6	7786	
5.896E-6	7786	
5.904E-6	7785	
5.912E-6	7784	
5.92E-6	7784	
5.928E-6	7783	
5.936E-6	7784	
5.944E-6	7784	
5.952E-6	7785	
5.96E-6	7786	
5.968E-6	7786	
5.976E-6	7786	
5.984E-6	7786	
5.992E-6	7785	
6E-6	7785	
6.008E-6	7784	
6.016E-6	7784	
6.024E-6	7784	
6.032E-6	7783	
6.04E-6	7783	
6.048E-6	7783	
6.056E-6	7783	
6.064E-6	7783	
6.072E-6	7784	
6.08E-6	7784	
6.088E-6	7784	
6.096E-6	7784	
6.104E-6	7783	
6.112E-6	7783	
6.12E-6	7783	
6.128E-6	7784	
6.136E-6	7784	
6.144E-6	7784	
6.152E-6	7784	
6.16E-6	7784	
6.168E-6	7783	
6.176E-6	7782	
6.184E-6	7782	
6.192E-6	7782	
6.2E-6	7783	
6.208E-6	7784	
6.216E-6	7783	
6.224E-6	7783	
6.232E-6	7782	
6.24E-6	7782	
6.248E-6	7783	
6.256E-6	7783	
6.264E-6	7783	
6.272E-6	7783	
6.28E-6	7784	
6.288E-6	7785	
6.296E-6	7786	
6.304E-6	7786	
6.312E-6	7786	
6.32E-6	7784	
6.328E-6	7783	
6.336E-6	7781	
6.344E-6	7780	
6.352E-6	7780	
6.36E-6	7780	
6.368E-6	7782	
6.376E-6	7783	
6.384E-6	7784	
6.392E-6	7784	
6.4E-6	7784	
6.408E-6	7785	
6.416E-6	7785	
6.424E-6	7785	
6.432E-6	7784	
6.44E-6	7783	
6.448E-6	7783	
6.456E-6	7783	
6.464E-6	7784	
6.472E-6	7784	
6.48E-6	7785	
6.488E-6	7785	
6.496E-6	7784	
6.504E-6	7784	
6.512E-6	7784	
6.52E-6	7785	
6.528E-6	7785	
6.536E-6	7785	
6.544E-6	7785	
6.552E-6	7784	
6.56E-6	7784	
6.568E-6	7784	
6.576E-6	7784	
6.584E-6	7784	
6.592E-6	7784	
6.6E-6	7784	
6.608E-6	7784	
6.616E-6	7784	
6.624E-6	7784	
6.632E-6	7784	
6.64E-6	7784	
6.648E-6	7784	
6.656E-6	7783	
6.664E-6	7782	
6.672E-6	7782	
6.68E-6	7782	
6.688E-6	7782	
6.696E-6	7782	
6.704E-6	7782	
6.712E-6	7783	
6.72E-6	7783	
6.728E-6	7784	
6.736E-6	7783	
6.744E-6	7783	
6.752E-6	7783	
6.76E-6	7783	
6.768E-6	7782	
6.776E-6	7782	
6.784E-6	7782	
6.792E-6	7782	
6.8E-6	7781	
6.808E-6	7781	
6.816E-6	7780	
6.824E-6	7781	
6.832E-6	7782	
6.84E-6	7782	
6.848E-6	7782	
6.856E-6	7782	
6.864E-6	7783	
6.872E-6	7783	
6.88E-6	7784	
6.888E-6	7784	
6.896E-6	7784	
6.904E-6	7784	
6.912E-6	7783	
6.92E-6	7784	
6.928E-6	7784	
6.936E-6	7785	
6.944E-6	7786	
6.952E-6	7786	
6.96E-6	7785	
6.968E-6	7784	
6.976E-6	7783	
6.984E-6	7783	
6.992E-6	7783	
7E-6	7784	
7.008E-6	7784	
7.016E-6	7784	
7.024E-6	7784	
7.032E-6	7784	
7.04E-6	7783	
7.048E-6	7782	
7.056E-6	7782	
7.064E-6	7782	
7.072E-6	7782	
7.08E-6	7783	
7.088E-6	7783	
7.096E-6	7783	
7.104E-6	7783	
7.112E-6	7782	
7.12E-6	7781	
7.128E-6	7782	
7.136E-6	7782	
7.144E-6	7782	
7.152E-6	7782	
7.16E-6	7781	
7.168E-6	7781	
7.176E-6	7781	
7.184E-6	7780	
7.192E-6	7780	
7.2E-6	7779	
7.208E-6	7780	
7.216E-6	7781	
7.224E-6	7782	
7.232E-6	7783	
7.24E-6	7782	
7.248E-6	7782	
7.256E-6	7782	
7.264E-6	7781	
7.272E-6	7781	
7.28E-6	7781	
7.288E-6	7781	
7.296E-6	7781	
7.304E-6	7781	
7.312E-6	7781	
7.32E-6	7781	
7.328E-6	7781	
7.336E-6	7782	
7.344E-6	7784	
7.352E-6	7784	
7.36E-6	7784	
7.368E-6	7783	
7.376E-6	7782	
7.384E-6	7782	
7.392E-6	7781	
7.4E-6	7781	
7.408E-6	7782	
7.416E-6	7782	
7.424E-6	7782	
7.432E-6	7781	
7.44E-6	7781	
7.448E-6	7782	
7.456E-6	7782	
7.464E-6	7782	
7.472E-6	7782	
7.48E-6	7781	
7.488E-6	7781	
7.496E-6	7780	
7.504E-6	7781	
7.512E-6	7782	
7.52E-6	7782	
7.528E-6	7782	
7.536E-6	7782	
7.544E-6	7782	
7.552E-6	7782	
7.56E-6	7783	
7.568E-6	7783	
7.576E-6	7783	
7.584E-6	7783	
7.592E-6	7783	
7.6E-6	7783	
7.608E-6	7783	
7.616E-6	7783	
7.624E-6	7783	
7.632E-6	7784	
7.64E-6	7783	
7.648E-6	7782	
7.656E-6	7782	
7.664E-6	7782	
7.672E-6	7783	
7.68E-6	7783	
7.688E-6	7783	
7.696E-6	7782	
7.704E-6	7782	
7.712E-6	7782	
7.72E-6	7781	
7.728E-6	7781	
7.736E-6	7781	
7.744E-6	7782	
7.752E-6	7782	
7.76E-6	7783	
7.768E-6	7784	
7.776E-6	7783	
7.784E-6	7783	
7.792E-6	7783	
7.8E-6	7783	
7.808E-6	7783	
7.816E-6	7782	
7.824E-6	7783	
7.832E-6	7783	
7.84E-6	7782	
7.848E-6	7782	
7.856E-6	7782	
7.864E-6	7782	
7.872E-6	7782	
7.88E-6	7782	
7.888E-6	7782	
7.896E-6	7782	
7.904E-6	7781	
7.912E-6	7781	
7.92E-6	7781	
7.928E-6	7782	
7.936E-6	7782	
7.944E-6	7781	
7.952E-6	7781	
7.96E-6	7781	
7.968E-6	7781	
7.976E-6	7781	
7.984E-6	7782	
7.992E-6	7782	
