Time - Plot 0	Amplitude - Plot 0	
0	-0.600528	
8E-9	-0.628446	
1.6E-8	-0.654024	
2.4E-8	-0.675271	
3.2E-8	-0.689374	
4E-8	-0.687617	
4.8E-8	-0.661689	
5.6E-8	-0.62499	
6.4E-8	-0.595081	
7.2E-8	-0.574215	
8E-8	-0.563387	
8.8E-8	-0.570652	
9.6E-8	-0.601567	
1.04E-7	-0.645465	
1.12E-7	-0.683349	
1.2E-7	-0.698456	
1.28E-7	-0.693514	
1.36E-7	-0.691027	
1.44E-7	-0.696674	
1.52E-7	-0.698734	
1.6E-7	-0.690635	
1.68E-7	-0.677525	
1.76E-7	-0.658819	
1.84E-7	-0.634367	
1.92E-7	-0.622507	
2E-7	-0.618146	
2.08E-7	-0.600708	
2.16E-7	-0.575189	
2.24E-7	-0.560097	
2.32E-7	-0.575144	
2.4E-7	-0.618847	
2.48E-7	-0.669457	
2.56E-7	-0.711157	
2.64E-7	-0.737079	
2.72E-7	-0.745494	
2.8E-7	-0.731305	
2.88E-7	-0.697843	
2.96E-7	-0.660495	
3.04E-7	-0.625507	
3.12E-7	-0.606874	
3.2E-7	-0.610273	
3.28E-7	-0.618101	
3.36E-7	-0.632887	
3.44E-7	-0.65125	
3.52E-7	-0.646764	
3.6E-7	-0.626492	
3.68E-7	-0.6175	
3.76E-7	-0.623551	
3.84E-7	-0.628122	
3.92E-7	-0.620141	
4E-7	-0.614243	
4.08E-7	-0.621368	
4.16E-7	-0.626989	
4.24E-7	-0.624596	
4.32E-7	-0.632575	
4.4E-7	-0.644583	
4.48E-7	-0.632193	
4.56E-7	-0.601495	
4.64E-7	-0.574125	
4.72E-7	-0.55923	
4.8E-7	-0.549079	
4.88E-7	-0.535892	
4.96E-7	-0.534864	
5.04E-7	-0.549286	
5.12E-7	-0.558765	
5.2E-7	-0.551992	
5.28E-7	-0.531359	
5.36E-7	-0.51042	
5.44E-7	-0.506076	
5.52E-7	-0.511443	
5.6E-7	-0.516795	
5.68E-7	-0.53689	
5.76E-7	-0.572145	
5.84E-7	-0.59368	
5.92E-7	-0.595246	
6E-7	-0.589173	
6.08E-7	-0.573771	
6.16E-7	-0.56428	
6.24E-7	-0.575169	
6.32E-7	-0.594801	
6.4E-7	-0.600861	
6.48E-7	-0.586932	
6.56E-7	-0.569511	
6.64E-7	-0.559754	
6.72E-7	-0.56735	
6.8E-7	-0.588018	
6.88E-7	-0.595567	
6.96E-7	-0.58119	
7.04E-7	-0.565859	
7.12E-7	-0.562243	
7.2E-7	-0.553096	
7.28E-7	-0.523359	
7.36E-7	-0.494326	
7.44E-7	-0.495513	
7.52E-7	-0.525363	
7.6E-7	-0.554067	
7.68E-7	-0.553387	
7.76E-7	-0.535749	
7.84E-7	-0.530208	
7.92E-7	-0.542512	
8E-7	-0.556566	
8.08E-7	-0.548198	
8.16E-7	-0.512757	
8.24E-7	-0.471053	
8.32E-7	-0.4372	
8.4E-7	-0.413627	
8.48E-7	-0.414172	
8.56E-7	-0.432169	
8.64E-7	-0.43355	
8.72E-7	-0.411526	
8.8E-7	-0.382609	
8.88E-7	-0.370753	
8.96E-7	-0.383642	
9.04E-7	-0.394884	
9.12E-7	-0.392025	
9.2E-7	-0.38866	
9.28E-7	-0.395418	
9.36E-7	-0.402075	
9.44E-7	-0.404278	
9.52E-7	-0.418543	
9.6E-7	-0.434965	
9.68E-7	-0.435941	
9.76E-7	-0.434846	
9.84E-7	-0.444792	
9.92E-7	-0.469004	
1E-6	-0.493995	
1.008E-6	-0.493647	
1.016E-6	-0.467757	
1.024E-6	-0.431521	
1.032E-6	-0.395387	
1.04E-6	-0.375301	
1.048E-6	-0.381023	
1.056E-6	-0.403121	
1.064E-6	-0.423723	
1.072E-6	-0.43793	
1.08E-6	-0.450118	
1.088E-6	-0.445204	
1.096E-6	-0.4173	
1.104E-6	-0.386849	
1.112E-6	-0.371929	
1.12E-6	-0.37827	
1.128E-6	-0.402466	
1.136E-6	-0.426619	
1.144E-6	-0.430853	
1.152E-6	-0.425039	
1.16E-6	-0.426107	
1.168E-6	-0.422623	
1.176E-6	-0.406129	
1.184E-6	-0.39191	
1.192E-6	-0.381563	
1.2E-6	-0.366962	
1.208E-6	-0.351522	
1.216E-6	-0.342667	
1.224E-6	-0.338807	
1.232E-6	-0.342703	
1.24E-6	-0.355609	
1.248E-6	-0.358638	
1.256E-6	-0.345056	
1.264E-6	-0.328324	
1.272E-6	-0.325541	
1.28E-6	-0.343462	
1.288E-6	-0.37307	
1.296E-6	-0.387995	
1.304E-6	-0.378201	
1.312E-6	-0.368261	
1.32E-6	-0.365885	
1.328E-6	-0.352478	
1.336E-6	-0.318418	
1.344E-6	-0.278917	
1.352E-6	-0.252764	
1.36E-6	-0.246426	
1.368E-6	-0.256885	
1.376E-6	-0.275171	
1.384E-6	-0.285104	
1.392E-6	-0.284655	
1.4E-6	-0.29768	
1.408E-6	-0.325718	
1.416E-6	-0.348035	
1.424E-6	-0.360122	
1.432E-6	-0.372075	
1.44E-6	-0.38727	
1.448E-6	-0.389441	
1.456E-6	-0.367866	
1.464E-6	-0.331522	
1.472E-6	-0.289771	
1.48E-6	-0.262995	
1.488E-6	-0.268906	
1.496E-6	-0.284581	
1.504E-6	-0.272357	
1.512E-6	-0.238638	
1.52E-6	-0.213915	
1.528E-6	-0.195338	
1.536E-6	-0.170734	
1.544E-6	-0.146204	
1.552E-6	-0.124008	
1.56E-6	-0.111461	
1.568E-6	-0.125796	
1.576E-6	-0.162646	
1.584E-6	-0.197278	
1.592E-6	-0.209988	
1.6E-6	-0.206549	
1.608E-6	-0.204694	
1.616E-6	-0.201702	
1.624E-6	-0.196331	
1.632E-6	-0.192651	
1.64E-6	-0.179128	
1.648E-6	-0.163379	
1.656E-6	-0.15642	
1.664E-6	-0.148547	
1.672E-6	-0.136867	
1.68E-6	-0.131985	
1.688E-6	-0.145226	
1.696E-6	-0.167037	
1.704E-6	-0.175997	
1.712E-6	-0.164944	
1.72E-6	-0.151092	
1.728E-6	-0.155692	
1.736E-6	-0.167095	
1.744E-6	-0.168967	
1.752E-6	-0.162715	
1.76E-6	-0.147923	
1.768E-6	-0.13059	
1.776E-6	-0.110841	
1.784E-6	-0.0909747	
1.792E-6	-0.0850968	
1.8E-6	-0.0892625	
1.808E-6	-0.100049	
1.816E-6	-0.11326	
1.824E-6	-0.118951	
1.832E-6	-0.11794	
1.84E-6	-0.105551	
1.848E-6	-0.0863967	
1.856E-6	-0.0790455	
1.864E-6	-0.0911911	
1.872E-6	-0.106983	
1.88E-6	-0.103306	
1.888E-6	-0.072848	
1.896E-6	-0.0268848	
1.904E-6	0.00500774	
1.912E-6	0.00721002	
1.92E-6	0.0055939	
1.928E-6	0.018674	
1.936E-6	0.0234472	
1.944E-6	0.0051136	
1.952E-6	-0.0132258	
1.96E-6	-0.0209725	
1.968E-6	-0.0338746	
1.976E-6	-0.0419645	
1.984E-6	-0.027351	
1.992E-6	-0.00729895	
2E-6	0.00414217	
2.008E-6	0.0253493	
2.016E-6	0.0669094	
2.024E-6	0.110604	
2.032E-6	0.140171	
2.04E-6	0.152846	
2.048E-6	0.152687	
2.056E-6	0.157016	
2.064E-6	0.17017	
2.072E-6	0.173295	
2.08E-6	0.153243	
2.088E-6	0.11887	
2.096E-6	0.0968181	
2.104E-6	0.0984261	
2.112E-6	0.103844	
2.12E-6	0.0942397	
2.128E-6	0.0801256	
2.136E-6	0.0748417	
2.144E-6	0.0715504	
2.152E-6	0.072673	
2.16E-6	0.0845482	
2.168E-6	0.101299	
2.176E-6	0.128792	
2.184E-6	0.162136	
2.192E-6	0.17997	
2.2E-6	0.188234	
2.208E-6	0.19591	
2.216E-6	0.195133	
2.224E-6	0.196012	
2.232E-6	0.201827	
2.24E-6	0.198823	
2.248E-6	0.194724	
2.256E-6	0.188247	
2.264E-6	0.164007	
2.272E-6	0.142935	
2.28E-6	0.144577	
2.288E-6	0.150688	
2.296E-6	0.161204	
2.304E-6	0.180239	
2.312E-6	0.192115	
2.32E-6	0.197288	
2.328E-6	0.205783	
2.336E-6	0.223112	
2.344E-6	0.24504	
2.352E-6	0.257733	
2.36E-6	0.24688	
2.368E-6	0.220062	
2.376E-6	0.203998	
2.384E-6	0.209173	
2.392E-6	0.227197	
2.4E-6	0.23903	
2.408E-6	0.242667	
2.416E-6	0.260657	
2.424E-6	0.290374	
2.432E-6	0.313571	
2.44E-6	0.329579	
2.448E-6	0.335131	
2.456E-6	0.326759	
2.464E-6	0.315486	
2.472E-6	0.306093	
2.48E-6	0.298385	
2.488E-6	0.299152	
2.496E-6	0.31475	
2.504E-6	0.34195	
2.512E-6	0.359226	
2.52E-6	0.359331	
2.528E-6	0.358273	
2.536E-6	0.348136	
2.544E-6	0.327205	
2.552E-6	0.314068	
2.56E-6	0.311589	
2.568E-6	0.325558	
2.576E-6	0.350581	
2.584E-6	0.37092	
2.592E-6	0.393402	
2.6E-6	0.411301	
2.608E-6	0.405946	
2.616E-6	0.392899	
2.624E-6	0.397194	
2.632E-6	0.411023	
2.64E-6	0.41083	
2.648E-6	0.398867	
2.656E-6	0.383028	
2.664E-6	0.354456	
2.672E-6	0.325392	
2.68E-6	0.32661	
2.688E-6	0.350206	
2.696E-6	0.370315	
2.704E-6	0.392236	
2.712E-6	0.412907	
2.72E-6	0.417644	
2.728E-6	0.417812	
2.736E-6	0.418094	
2.744E-6	0.404924	
2.752E-6	0.389106	
2.76E-6	0.385804	
2.768E-6	0.387164	
2.776E-6	0.379248	
2.784E-6	0.36651	
2.792E-6	0.364672	
2.8E-6	0.372244	
2.808E-6	0.391608	
2.816E-6	0.414264	
2.824E-6	0.427797	
2.832E-6	0.436666	
2.84E-6	0.426802	
2.848E-6	0.395332	
2.856E-6	0.369064	
2.864E-6	0.364911	
2.872E-6	0.374152	
2.88E-6	0.390705	
2.888E-6	0.41535	
2.896E-6	0.43246	
2.904E-6	0.431374	
2.912E-6	0.422886	
2.92E-6	0.426522	
2.928E-6	0.454787	
2.936E-6	0.494535	
2.944E-6	0.512915	
2.952E-6	0.493543	
2.96E-6	0.454689	
2.968E-6	0.416493	
2.976E-6	0.386942	
2.984E-6	0.372918	
2.992E-6	0.37937	
3E-6	0.414752	
3.008E-6	0.475289	
3.016E-6	0.530636	
3.024E-6	0.55164	
3.032E-6	0.53872	
3.04E-6	0.519998	
3.048E-6	0.52431	
3.056E-6	0.54478	
3.064E-6	0.562502	
3.072E-6	0.566004	
3.08E-6	0.544692	
3.088E-6	0.511269	
3.096E-6	0.489363	
3.104E-6	0.489119	
3.112E-6	0.496802	
3.12E-6	0.503023	
3.128E-6	0.516758	
3.136E-6	0.528938	
3.144E-6	0.537302	
3.152E-6	0.553039	
3.16E-6	0.571775	
3.168E-6	0.592987	
3.176E-6	0.610789	
3.184E-6	0.60374	
3.192E-6	0.580679	
3.2E-6	0.57647	
3.208E-6	0.591203	
3.216E-6	0.595489	
3.224E-6	0.577205	
3.232E-6	0.556136	
3.24E-6	0.560403	
3.248E-6	0.590393	
3.256E-6	0.614036	
3.264E-6	0.616066	
3.272E-6	0.622984	
3.28E-6	0.634674	
3.288E-6	0.622133	
3.296E-6	0.592324	
3.304E-6	0.561931	
3.312E-6	0.54098	
3.32E-6	0.547252	
3.328E-6	0.578981	
3.336E-6	0.618145	
3.344E-6	0.643521	
3.352E-6	0.63743	
3.36E-6	0.612903	
3.368E-6	0.600649	
3.376E-6	0.598247	
3.384E-6	0.582532	
3.392E-6	0.56185	
3.4E-6	0.553307	
3.408E-6	0.556264	
3.416E-6	0.561327	
3.424E-6	0.562049	
3.432E-6	0.571063	
3.44E-6	0.591579	
3.448E-6	0.605074	
3.456E-6	0.612445	
3.464E-6	0.6273	
3.472E-6	0.646397	
3.48E-6	0.657852	
3.488E-6	0.657265	
3.496E-6	0.64898	
3.504E-6	0.63818	
3.512E-6	0.632043	
3.52E-6	0.634828	
3.528E-6	0.638985	
3.536E-6	0.628526	
3.544E-6	0.604791	
3.552E-6	0.582529	
3.56E-6	0.574674	
3.568E-6	0.578147	
3.576E-6	0.586113	
3.584E-6	0.613262	
3.592E-6	0.657119	
3.6E-6	0.698489	
3.608E-6	0.731777	
3.616E-6	0.7549	
3.624E-6	0.75314	
3.632E-6	0.719992	
3.64E-6	0.685134	
3.648E-6	0.672144	
3.656E-6	0.673822	
3.664E-6	0.686123	
3.672E-6	0.701456	
3.68E-6	0.707037	
3.688E-6	0.699454	
3.696E-6	0.672247	
3.704E-6	0.638913	
3.712E-6	0.623673	
3.72E-6	0.611777	
3.728E-6	0.587198	
3.736E-6	0.573151	
3.744E-6	0.576448	
3.752E-6	0.579243	
3.76E-6	0.583111	
3.768E-6	0.58273	
3.776E-6	0.5763	
3.784E-6	0.575975	
3.792E-6	0.584278	
3.8E-6	0.59541	
3.808E-6	0.593732	
3.816E-6	0.580691	
3.824E-6	0.581059	
3.832E-6	0.605599	
3.84E-6	0.641056	
3.848E-6	0.670777	
3.856E-6	0.687658	
3.864E-6	0.701182	
3.872E-6	0.704213	
3.88E-6	0.684539	
3.888E-6	0.657325	
3.896E-6	0.63263	
3.904E-6	0.615797	
3.912E-6	0.602236	
3.92E-6	0.57805	
3.928E-6	0.55167	
3.936E-6	0.534393	
3.944E-6	0.53099	
3.952E-6	0.5444	
3.96E-6	0.567034	
3.968E-6	0.601417	
3.976E-6	0.637369	
3.984E-6	0.651369	
3.992E-6	0.647102	
4E-6	0.63781	
4.008E-6	0.634592	
4.016E-6	0.650234	
4.024E-6	0.674689	
4.032E-6	0.676445	
4.04E-6	0.641382	
4.048E-6	0.596281	
4.056E-6	0.565856	
4.064E-6	0.538248	
4.072E-6	0.507538	
4.08E-6	0.486331	
4.088E-6	0.486093	
4.096E-6	0.508891	
4.104E-6	0.549633	
4.112E-6	0.599677	
4.12E-6	0.638793	
4.128E-6	0.643536	
4.136E-6	0.619119	
4.144E-6	0.602745	
4.152E-6	0.601382	
4.16E-6	0.599167	
4.168E-6	0.595222	
4.176E-6	0.579794	
4.184E-6	0.555344	
4.192E-6	0.541359	
4.2E-6	0.539506	
4.208E-6	0.530092	
4.216E-6	0.503797	
4.224E-6	0.48728	
4.232E-6	0.502113	
4.24E-6	0.521348	
4.248E-6	0.520312	
4.256E-6	0.517482	
4.264E-6	0.523164	
4.272E-6	0.528044	
4.28E-6	0.538537	
4.288E-6	0.549562	
4.296E-6	0.553082	
4.304E-6	0.564502	
4.312E-6	0.57608	
4.32E-6	0.567399	
4.328E-6	0.541197	
4.336E-6	0.504329	
4.344E-6	0.474507	
4.352E-6	0.470698	
4.36E-6	0.491068	
4.368E-6	0.521761	
4.376E-6	0.542757	
4.384E-6	0.557087	
4.392E-6	0.572649	
4.4E-6	0.574624	
4.408E-6	0.553485	
4.416E-6	0.522173	
4.424E-6	0.497755	
4.432E-6	0.47849	
4.44E-6	0.46437	
4.448E-6	0.466482	
4.456E-6	0.480786	
4.464E-6	0.488414	
4.472E-6	0.481383	
4.48E-6	0.475912	
4.488E-6	0.486889	
4.496E-6	0.493234	
4.504E-6	0.482884	
4.512E-6	0.467344	
4.52E-6	0.444146	
4.528E-6	0.421348	
4.536E-6	0.410007	
4.544E-6	0.410696	
4.552E-6	0.419412	
4.56E-6	0.431729	
4.568E-6	0.459046	
4.576E-6	0.4887	
4.584E-6	0.499479	
4.592E-6	0.498969	
4.6E-6	0.49086	
4.608E-6	0.481262	
4.616E-6	0.484738	
4.624E-6	0.504673	
4.632E-6	0.532856	
4.64E-6	0.547914	
4.648E-6	0.541356	
4.656E-6	0.525247	
4.664E-6	0.509215	
4.672E-6	0.507447	
4.68E-6	0.510284	
4.688E-6	0.488482	
4.696E-6	0.447406	
4.704E-6	0.411216	
4.712E-6	0.3868	
4.72E-6	0.376392	
4.728E-6	0.381974	
4.736E-6	0.387694	
4.744E-6	0.391663	
4.752E-6	0.401034	
4.76E-6	0.401757	
4.768E-6	0.405062	
4.776E-6	0.425813	
4.784E-6	0.443438	
4.792E-6	0.450937	
4.8E-6	0.450546	
4.808E-6	0.428695	
4.816E-6	0.397724	
4.824E-6	0.377663	
4.832E-6	0.356272	
4.84E-6	0.33199	
4.848E-6	0.317801	
4.856E-6	0.312831	
4.864E-6	0.308845	
4.872E-6	0.29935	
4.88E-6	0.298244	
4.888E-6	0.318605	
4.896E-6	0.338917	
4.904E-6	0.35211	
4.912E-6	0.373964	
4.92E-6	0.387547	
4.928E-6	0.380561	
4.936E-6	0.377779	
4.944E-6	0.391435	
4.952E-6	0.414092	
4.96E-6	0.43035	
4.968E-6	0.431337	
4.976E-6	0.431295	
4.984E-6	0.43495	
4.992E-6	0.421924	
5E-6	0.382327	
5.008E-6	0.338331	
5.016E-6	0.317226	
5.024E-6	0.32277	
5.032E-6	0.340207	
5.04E-6	0.344731	
5.048E-6	0.318038	
5.056E-6	0.282226	
5.064E-6	0.266131	
5.072E-6	0.254722	
5.08E-6	0.239928	
5.088E-6	0.239763	
5.096E-6	0.244402	
5.104E-6	0.241297	
5.112E-6	0.243472	
5.12E-6	0.259036	
5.128E-6	0.275918	
5.136E-6	0.278335	
5.144E-6	0.266497	
5.152E-6	0.250391	
5.16E-6	0.244904	
5.168E-6	0.253898	
5.176E-6	0.267501	
5.184E-6	0.272061	
5.192E-6	0.259304	
5.2E-6	0.242249	
5.208E-6	0.234282	
5.216E-6	0.228015	
5.224E-6	0.214464	
5.232E-6	0.207597	
5.24E-6	0.218936	
5.248E-6	0.236914	
5.256E-6	0.24197	
5.264E-6	0.217158	
5.272E-6	0.183721	
5.28E-6	0.165096	
5.288E-6	0.149716	
5.296E-6	0.141019	
5.304E-6	0.140824	
5.312E-6	0.139355	
5.32E-6	0.134257	
5.328E-6	0.132947	
5.336E-6	0.138818	
5.344E-6	0.138491	
5.352E-6	0.142123	
5.36E-6	0.15763	
5.368E-6	0.164757	
5.376E-6	0.150349	
5.384E-6	0.122163	
5.392E-6	0.109641	
5.4E-6	0.119445	
5.408E-6	0.128523	
5.416E-6	0.133696	
5.424E-6	0.140094	
5.432E-6	0.144009	
5.44E-6	0.151062	
5.448E-6	0.165513	
5.456E-6	0.172182	
5.464E-6	0.15585	
5.472E-6	0.132354	
5.48E-6	0.129964	
5.488E-6	0.133174	
5.496E-6	0.115629	
5.504E-6	0.0884556	
5.512E-6	0.060199	
5.52E-6	0.0400239	
5.528E-6	0.0405693	
5.536E-6	0.0569938	
5.544E-6	0.0854686	
5.552E-6	0.112881	
5.56E-6	0.122514	
5.568E-6	0.109899	
5.576E-6	0.0825078	
5.584E-6	0.0526978	
5.592E-6	0.0260508	
5.6E-6	0.0171484	
5.608E-6	0.0309893	
5.616E-6	0.0529037	
5.624E-6	0.0684061	
5.632E-6	0.0625757	
5.64E-6	0.0303366	
5.648E-6	-0.0173918	
5.656E-6	-0.0535325	
5.664E-6	-0.054728	
5.672E-6	-0.0404265	
5.68E-6	-0.03475	
5.688E-6	-0.025406	
5.696E-6	-0.013621	
5.704E-6	-0.024534	
5.712E-6	-0.04934	
5.72E-6	-0.055025	
5.728E-6	-0.0408046	
5.736E-6	-0.0305754	
5.744E-6	-0.0391878	
5.752E-6	-0.06753	
5.76E-6	-0.108821	
5.768E-6	-0.146241	
5.776E-6	-0.168287	
5.784E-6	-0.184116	
5.792E-6	-0.196945	
5.8E-6	-0.206103	
5.808E-6	-0.206398	
5.816E-6	-0.194389	
5.824E-6	-0.188724	
5.832E-6	-0.194388	
5.84E-6	-0.197521	
5.848E-6	-0.191851	
5.856E-6	-0.180944	
5.864E-6	-0.171073	
5.872E-6	-0.173245	
5.88E-6	-0.178864	
5.888E-6	-0.174978	
5.896E-6	-0.172633	
5.904E-6	-0.163342	
5.912E-6	-0.144651	
5.92E-6	-0.142434	
5.928E-6	-0.160156	
5.936E-6	-0.179966	
5.944E-6	-0.183579	
5.952E-6	-0.174278	
5.96E-6	-0.182044	
5.968E-6	-0.206882	
5.976E-6	-0.225902	
5.984E-6	-0.240505	
5.992E-6	-0.258336	
6E-6	-0.282079	
6.008E-6	-0.30795	
6.016E-6	-0.318255	
6.024E-6	-0.299864	
6.032E-6	-0.258228	
6.04E-6	-0.206451	
6.048E-6	-0.168994	
6.056E-6	-0.171512	
6.064E-6	-0.20859	
6.072E-6	-0.255878	
6.08E-6	-0.298447	
6.088E-6	-0.323478	
6.096E-6	-0.319016	
6.104E-6	-0.294805	
6.112E-6	-0.274293	
6.12E-6	-0.261185	
6.128E-6	-0.242082	
6.136E-6	-0.217806	
6.144E-6	-0.194214	
6.152E-6	-0.173112	
6.16E-6	-0.170062	
6.168E-6	-0.19358	
6.176E-6	-0.234966	
6.184E-6	-0.279588	
6.192E-6	-0.301275	
6.2E-6	-0.300934	
6.208E-6	-0.295495	
6.216E-6	-0.27864	
6.224E-6	-0.261816	
6.232E-6	-0.266006	
6.24E-6	-0.286673	
6.248E-6	-0.311715	
6.256E-6	-0.325792	
6.264E-6	-0.31404	
6.272E-6	-0.294669	
6.28E-6	-0.299342	
6.288E-6	-0.324654	
6.296E-6	-0.355526	
6.304E-6	-0.383095	
6.312E-6	-0.388425	
6.32E-6	-0.36799	
6.328E-6	-0.338504	
6.336E-6	-0.306501	
6.344E-6	-0.283445	
6.352E-6	-0.290331	
6.36E-6	-0.32506	
6.368E-6	-0.365436	
6.376E-6	-0.395821	
6.384E-6	-0.413512	
6.392E-6	-0.413025	
6.4E-6	-0.38801	
6.408E-6	-0.362548	
6.416E-6	-0.359866	
6.424E-6	-0.369656	
6.432E-6	-0.390672	
6.44E-6	-0.416441	
6.448E-6	-0.428619	
6.456E-6	-0.436116	
6.464E-6	-0.454554	
6.472E-6	-0.472091	
6.48E-6	-0.467414	
6.488E-6	-0.448003	
6.496E-6	-0.426348	
6.504E-6	-0.411885	
6.512E-6	-0.416937	
6.52E-6	-0.437106	
6.528E-6	-0.459162	
6.536E-6	-0.473247	
6.544E-6	-0.487932	
6.552E-6	-0.50751	
6.56E-6	-0.520567	
6.568E-6	-0.512316	
6.576E-6	-0.48585	
6.584E-6	-0.467611	
6.592E-6	-0.466623	
6.6E-6	-0.477737	
6.608E-6	-0.495671	
6.616E-6	-0.512649	
6.624E-6	-0.524344	
6.632E-6	-0.52129	
6.64E-6	-0.495682	
6.648E-6	-0.46979	
6.656E-6	-0.463537	
6.664E-6	-0.466966	
6.672E-6	-0.466569	
6.68E-6	-0.453778	
6.688E-6	-0.438948	
6.696E-6	-0.438561	
6.704E-6	-0.455269	
6.712E-6	-0.475987	
6.72E-6	-0.490866	
6.728E-6	-0.513804	
6.736E-6	-0.538325	
6.744E-6	-0.542198	
6.752E-6	-0.53834	
6.76E-6	-0.539341	
6.768E-6	-0.529038	
6.776E-6	-0.514893	
6.784E-6	-0.510155	
6.792E-6	-0.50231	
6.8E-6	-0.496327	
6.808E-6	-0.495382	
6.816E-6	-0.48509	
6.824E-6	-0.472407	
6.832E-6	-0.472911	
6.84E-6	-0.490195	
6.848E-6	-0.527117	
6.856E-6	-0.572733	
6.864E-6	-0.599991	
6.872E-6	-0.597278	
6.88E-6	-0.57463	
6.888E-6	-0.549314	
6.896E-6	-0.528473	
6.904E-6	-0.504941	
6.912E-6	-0.491053	
6.92E-6	-0.513891	
6.928E-6	-0.561184	
6.936E-6	-0.593246	
6.944E-6	-0.600555	
6.952E-6	-0.594107	
6.96E-6	-0.579683	
6.968E-6	-0.575673	
6.976E-6	-0.592272	
6.984E-6	-0.613919	
6.992E-6	-0.618317	
7E-6	-0.606794	
7.008E-6	-0.606521	
7.016E-6	-0.612774	
7.024E-6	-0.60483	
7.032E-6	-0.587094	
7.04E-6	-0.572965	
7.048E-6	-0.573995	
7.056E-6	-0.585496	
7.064E-6	-0.596141	
7.072E-6	-0.598531	
7.08E-6	-0.591093	
7.088E-6	-0.582804	
7.096E-6	-0.581135	
7.104E-6	-0.591381	
7.112E-6	-0.602925	
7.12E-6	-0.609797	
7.128E-6	-0.62352	
7.136E-6	-0.631555	
7.144E-6	-0.618865	
7.152E-6	-0.600858	
7.16E-6	-0.590566	
7.168E-6	-0.587651	
7.176E-6	-0.592732	
7.184E-6	-0.598456	
7.192E-6	-0.599935	
7.2E-6	-0.600252	
7.208E-6	-0.605491	
7.216E-6	-0.623183	
7.224E-6	-0.641244	
7.232E-6	-0.640172	
7.24E-6	-0.628483	
7.248E-6	-0.624097	
7.256E-6	-0.632184	
7.264E-6	-0.644599	
7.272E-6	-0.653352	
7.28E-6	-0.654994	
7.288E-6	-0.648464	
7.296E-6	-0.636291	
7.304E-6	-0.610223	
7.312E-6	-0.587883	
7.32E-6	-0.58912	
7.328E-6	-0.598629	
7.336E-6	-0.612539	
7.344E-6	-0.633199	
7.352E-6	-0.65029	
7.36E-6	-0.655583	
7.368E-6	-0.657231	
7.376E-6	-0.655483	
7.384E-6	-0.636525	
7.392E-6	-0.618747	
7.4E-6	-0.629424	
7.408E-6	-0.651198	
7.416E-6	-0.653939	
7.424E-6	-0.641113	
7.432E-6	-0.627401	
7.44E-6	-0.618742	
7.448E-6	-0.621208	
7.456E-6	-0.637432	
7.464E-6	-0.664902	
7.472E-6	-0.685152	
7.48E-6	-0.680254	
7.488E-6	-0.658325	
7.496E-6	-0.631949	
7.504E-6	-0.617796	
7.512E-6	-0.625917	
7.52E-6	-0.642796	
7.528E-6	-0.655087	
7.536E-6	-0.647315	
7.544E-6	-0.619565	
7.552E-6	-0.602833	
7.56E-6	-0.606804	
7.568E-6	-0.613668	
7.576E-6	-0.619366	
7.584E-6	-0.625657	
7.592E-6	-0.624511	
7.6E-6	-0.606081	
7.608E-6	-0.586969	
7.616E-6	-0.598122	
7.624E-6	-0.623288	
7.632E-6	-0.625562	
7.64E-6	-0.605112	
7.648E-6	-0.591427	
7.656E-6	-0.598461	
7.664E-6	-0.601738	
7.672E-6	-0.597974	
7.68E-6	-0.60929	
7.688E-6	-0.622867	
7.696E-6	-0.62989	
7.704E-6	-0.639796	
7.712E-6	-0.650655	
7.72E-6	-0.663375	
7.728E-6	-0.666258	
7.736E-6	-0.643939	
7.744E-6	-0.615847	
7.752E-6	-0.614503	
7.76E-6	-0.629732	
7.768E-6	-0.633861	
7.776E-6	-0.630392	
7.784E-6	-0.621954	
7.792E-6	-0.611962	
7.8E-6	-0.605804	
7.808E-6	-0.595537	
7.816E-6	-0.579233	
7.824E-6	-0.56731	
7.832E-6	-0.572917	
7.84E-6	-0.5887	
7.848E-6	-0.601765	
7.856E-6	-0.604337	
7.864E-6	-0.585749	
7.872E-6	-0.559659	
7.88E-6	-0.559047	
7.888E-6	-0.58867	
7.896E-6	-0.619777	
7.904E-6	-0.630593	
7.912E-6	-0.633487	
7.92E-6	-0.636286	
7.928E-6	-0.628491	
7.936E-6	-0.622608	
7.944E-6	-0.62161	
7.952E-6	-0.602713	
7.96E-6	-0.573528	
7.968E-6	-0.553539	
7.976E-6	-0.538625	
7.984E-6	-0.540383	
7.992E-6	-0.559955	
8E-6	-0.57148	
8.008E-6	-0.572537	
8.016E-6	-0.566206	
8.024E-6	-0.556641	
8.032E-6	-0.549678	
8.04E-6	-0.544216	
8.048E-6	-0.551433	
8.056E-6	-0.564933	
8.064E-6	-0.564191	
8.072E-6	-0.556817	
8.08E-6	-0.560542	
8.088E-6	-0.570135	
8.096E-6	-0.576064	
8.104E-6	-0.58299	
8.112E-6	-0.587275	
8.12E-6	-0.572174	
8.128E-6	-0.545166	
8.136E-6	-0.524914	
8.144E-6	-0.509458	
8.152E-6	-0.497903	
8.16E-6	-0.484404	
8.168E-6	-0.466244	
8.176E-6	-0.452625	
8.184E-6	-0.449764	
8.192E-6	-0.453209	
8.2E-6	-0.455689	
8.208E-6	-0.459572	
8.216E-6	-0.471646	
8.224E-6	-0.498631	
8.232E-6	-0.523003	
8.24E-6	-0.532019	
8.248E-6	-0.538672	
8.256E-6	-0.541209	
8.264E-6	-0.538293	
8.272E-6	-0.539424	
8.28E-6	-0.533604	
8.288E-6	-0.510554	
8.296E-6	-0.492701	
8.304E-6	-0.490318	
8.312E-6	-0.482048	
8.32E-6	-0.45742	
8.328E-6	-0.427406	
8.336E-6	-0.414874	
8.344E-6	-0.423645	
8.352E-6	-0.423041	
8.36E-6	-0.403219	
8.368E-6	-0.387547	
8.376E-6	-0.392566	
8.384E-6	-0.404658	
8.392E-6	-0.410993	
8.4E-6	-0.429842	
8.408E-6	-0.454022	
8.416E-6	-0.46002	
8.424E-6	-0.463699	
8.432E-6	-0.478855	
8.44E-6	-0.484123	
8.448E-6	-0.462316	
8.456E-6	-0.422548	
8.464E-6	-0.390375	
8.472E-6	-0.386092	
8.48E-6	-0.396683	
8.488E-6	-0.404284	
8.496E-6	-0.417767	
8.504E-6	-0.430407	
8.512E-6	-0.429582	
8.52E-6	-0.434944	
8.528E-6	-0.452073	
8.536E-6	-0.469059	
8.544E-6	-0.477562	
8.552E-6	-0.475266	
8.56E-6	-0.475717	
8.568E-6	-0.475841	
8.576E-6	-0.464885	
8.584E-6	-0.444674	
8.592E-6	-0.416234	
8.6E-6	-0.395857	
8.608E-6	-0.385283	
8.616E-6	-0.360948	
8.624E-6	-0.324921	
8.632E-6	-0.289786	
8.64E-6	-0.258373	
8.648E-6	-0.244335	
8.656E-6	-0.264153	
8.664E-6	-0.2973	
8.672E-6	-0.317948	
8.68E-6	-0.333068	
8.688E-6	-0.338229	
8.696E-6	-0.322945	
8.704E-6	-0.291802	
8.712E-6	-0.263081	
8.72E-6	-0.260436	
8.728E-6	-0.273742	
8.736E-6	-0.27095	
8.744E-6	-0.246262	
8.752E-6	-0.210711	
8.76E-6	-0.175069	
8.768E-6	-0.149193	
8.776E-6	-0.146235	
8.784E-6	-0.166504	
8.792E-6	-0.185704	
8.8E-6	-0.197444	
8.808E-6	-0.214171	
8.816E-6	-0.235261	
8.824E-6	-0.251294	
8.832E-6	-0.260144	
8.84E-6	-0.263652	
8.848E-6	-0.266655	
8.856E-6	-0.264497	
8.864E-6	-0.240138	
8.872E-6	-0.204834	
8.88E-6	-0.180752	
8.888E-6	-0.161474	
8.896E-6	-0.150938	
8.904E-6	-0.169569	
8.912E-6	-0.203889	
8.92E-6	-0.232818	
8.928E-6	-0.259946	
8.936E-6	-0.279756	
8.944E-6	-0.279168	
8.952E-6	-0.256473	
8.96E-6	-0.216587	
8.968E-6	-0.181595	
8.976E-6	-0.178594	
8.984E-6	-0.202836	
8.992E-6	-0.230347	
9E-6	-0.251499	
9.008E-6	-0.271098	
9.016E-6	-0.277648	
9.024E-6	-0.26	
9.032E-6	-0.242628	
9.04E-6	-0.230476	
9.048E-6	-0.208091	
9.056E-6	-0.180305	
9.064E-6	-0.151276	
9.072E-6	-0.131958	
9.08E-6	-0.13465	
9.088E-6	-0.147811	
9.096E-6	-0.159097	
9.104E-6	-0.169656	
9.112E-6	-0.180558	
9.12E-6	-0.188491	
9.128E-6	-0.189063	
9.136E-6	-0.18965	
9.144E-6	-0.185071	
9.152E-6	-0.157639	
9.16E-6	-0.124314	
9.168E-6	-0.100808	
9.176E-6	-0.0741267	
9.184E-6	-0.0464914	
9.192E-6	-0.0323811	
9.2E-6	-0.0383717	
9.208E-6	-0.0559345	
9.216E-6	-0.0736519	
9.224E-6	-0.0931904	
9.232E-6	-0.105778	
9.24E-6	-0.106539	
9.248E-6	-0.0964521	
9.256E-6	-0.064061	
9.264E-6	-0.0201113	
9.272E-6	0.00563276	
9.28E-6	0.00134921	
9.288E-6	-0.0136727	
9.296E-6	-0.0240625	
9.304E-6	-0.043322	
9.312E-6	-0.0642956	
9.32E-6	-0.063504	
9.328E-6	-0.0510252	
9.336E-6	-0.0345932	
9.344E-6	-0.00608885	
9.352E-6	0.0226771	
9.36E-6	0.0426542	
9.368E-6	0.0477456	
9.376E-6	0.0360682	
9.384E-6	0.0209866	
9.392E-6	0.00882912	
9.4E-6	0.00149262	
9.408E-6	0.00193477	
9.416E-6	0.0207053	
9.424E-6	0.0544521	
9.432E-6	0.0784142	
9.44E-6	0.0908951	
9.448E-6	0.105348	
9.456E-6	0.109911	
9.464E-6	0.10022	
9.472E-6	0.0926285	
9.48E-6	0.0908046	
9.488E-6	0.104952	
9.496E-6	0.130931	
9.504E-6	0.138901	
9.512E-6	0.134816	
9.52E-6	0.136717	
9.528E-6	0.128294	
9.536E-6	0.114244	
9.544E-6	0.122585	
9.552E-6	0.139881	
9.56E-6	0.148812	
9.568E-6	0.161515	
9.576E-6	0.173561	
9.584E-6	0.18369	
9.592E-6	0.196339	
9.6E-6	0.200759	
9.608E-6	0.1954	
9.616E-6	0.179048	
9.624E-6	0.151276	
9.632E-6	0.125886	
9.64E-6	0.117917	
9.648E-6	0.130325	
9.656E-6	0.158057	
9.664E-6	0.180005	
9.672E-6	0.188158	
9.68E-6	0.195083	
9.688E-6	0.191662	
9.696E-6	0.177793	
9.704E-6	0.174145	
9.712E-6	0.182539	
9.72E-6	0.190465	
9.728E-6	0.205802	
9.736E-6	0.240415	
9.744E-6	0.278694	
9.752E-6	0.291039	
9.76E-6	0.266019	
9.768E-6	0.222259	
9.776E-6	0.187456	
9.784E-6	0.184151	
9.792E-6	0.213768	
9.8E-6	0.245296	
9.808E-6	0.260492	
9.816E-6	0.265219	
9.824E-6	0.263957	
9.832E-6	0.272066	
9.84E-6	0.295554	
9.848E-6	0.311947	
9.856E-6	0.311839	
9.864E-6	0.319002	
9.872E-6	0.345773	
9.88E-6	0.38136	
9.888E-6	0.405783	
9.896E-6	0.407227	
9.904E-6	0.400856	
9.912E-6	0.391005	
9.92E-6	0.371709	
9.928E-6	0.356509	
9.936E-6	0.344854	
9.944E-6	0.320724	
9.952E-6	0.285687	
9.96E-6	0.254303	
9.968E-6	0.243947	
9.976E-6	0.249798	
9.984E-6	0.250234	
9.992E-6	0.248975	
1E-5	0.259306	
1.0008E-5	0.28611	
1.0016E-5	0.334018	
1.0024E-5	0.390007	
1.0032E-5	0.423791	
1.004E-5	0.420888	
1.0048E-5	0.392535	
1.0056E-5	0.359425	
1.0064E-5	0.331788	
1.0072E-5	0.315717	
1.008E-5	0.326631	
1.0088E-5	0.362421	
1.0096E-5	0.400761	
1.0104E-5	0.423628	
1.0112E-5	0.434502	
1.012E-5	0.447815	
1.0128E-5	0.451927	
1.0136E-5	0.438674	
1.0144E-5	0.429207	
1.0152E-5	0.42513	
1.016E-5	0.41925	
1.0168E-5	0.41265	
1.0176E-5	0.410064	
1.0184E-5	0.423003	
1.0192E-5	0.433151	
1.02E-5	0.417066	
1.0208E-5	0.389103	
1.0216E-5	0.372462	
1.0224E-5	0.372301	
1.0232E-5	0.389394	
1.024E-5	0.416578	
1.0248E-5	0.438483	
1.0256E-5	0.456513	
1.0264E-5	0.469695	
1.0272E-5	0.4762	
1.028E-5	0.485282	
1.0288E-5	0.488431	
1.0296E-5	0.487307	
1.0304E-5	0.495532	
1.0312E-5	0.498644	
1.032E-5	0.491334	
1.0328E-5	0.482169	
1.0336E-5	0.477166	
1.0344E-5	0.482895	
1.0352E-5	0.491065	
1.036E-5	0.50421	
1.0368E-5	0.529935	
1.0376E-5	0.552282	
1.0384E-5	0.559224	
1.0392E-5	0.556347	
1.04E-5	0.538838	
1.0408E-5	0.503086	
1.0416E-5	0.473608	
1.0424E-5	0.46128	
1.0432E-5	0.452649	
1.044E-5	0.456005	
1.0448E-5	0.471628	
1.0456E-5	0.486573	
1.0464E-5	0.503576	
1.0472E-5	0.5188	
1.048E-5	0.526451	
1.0488E-5	0.526936	
1.0496E-5	0.520355	
1.0504E-5	0.514657	
1.0512E-5	0.519448	
1.052E-5	0.515639	
1.0528E-5	0.492669	
1.0536E-5	0.468063	
1.0544E-5	0.459925	
1.0552E-5	0.477111	
1.056E-5	0.50424	
1.0568E-5	0.522243	
1.0576E-5	0.529433	
1.0584E-5	0.538137	
1.0592E-5	0.557214	
1.06E-5	0.573831	
1.0608E-5	0.572938	
1.0616E-5	0.557505	
1.0624E-5	0.534661	
1.0632E-5	0.509391	
1.064E-5	0.482738	
1.0648E-5	0.462323	
1.0656E-5	0.459525	
1.0664E-5	0.46964	
1.0672E-5	0.481716	
1.068E-5	0.499438	
1.0688E-5	0.522436	
1.0696E-5	0.541215	
1.0704E-5	0.562552	
1.0712E-5	0.590459	
1.072E-5	0.612939	
1.0728E-5	0.62008	
1.0736E-5	0.616562	
1.0744E-5	0.613586	
1.0752E-5	0.610821	
1.076E-5	0.600638	
1.0768E-5	0.599907	
1.0776E-5	0.617762	
1.0784E-5	0.627704	
1.0792E-5	0.61165	
1.08E-5	0.574432	
1.0808E-5	0.532078	
1.0816E-5	0.49851	
1.0824E-5	0.487788	
1.0832E-5	0.501548	
1.084E-5	0.522067	
1.0848E-5	0.548973	
1.0856E-5	0.582483	
1.0864E-5	0.610762	
1.0872E-5	0.628404	
1.088E-5	0.62478	
1.0888E-5	0.599873	
1.0896E-5	0.570967	
1.0904E-5	0.554864	
1.0912E-5	0.559526	
1.092E-5	0.567485	
1.0928E-5	0.570364	
1.0936E-5	0.591637	
1.0944E-5	0.631517	
1.0952E-5	0.670646	
1.096E-5	0.692492	
1.0968E-5	0.681667	
1.0976E-5	0.660429	
1.0984E-5	0.660861	
1.0992E-5	0.66727	
1.1E-5	0.650032	
1.1008E-5	0.617087	
1.1016E-5	0.590861	
1.1024E-5	0.575809	
1.1032E-5	0.564293	
1.104E-5	0.547513	
1.1048E-5	0.533257	
1.1056E-5	0.529055	
1.1064E-5	0.529317	
1.1072E-5	0.539494	
1.108E-5	0.564407	
1.1088E-5	0.585333	
1.1096E-5	0.591691	
1.1104E-5	0.592681	
1.1112E-5	0.592981	
1.112E-5	0.602521	
1.1128E-5	0.614821	
1.1136E-5	0.60384	
1.1144E-5	0.572076	
1.1152E-5	0.538103	
1.116E-5	0.521482	
1.1168E-5	0.528403	
1.1176E-5	0.540334	
1.1184E-5	0.548532	
1.1192E-5	0.559127	
1.12E-5	0.587273	
1.1208E-5	0.624329	
1.1216E-5	0.636915	
1.1224E-5	0.62386	
1.1232E-5	0.604343	
1.124E-5	0.591437	
1.1248E-5	0.599956	
1.1256E-5	0.619186	
1.1264E-5	0.626922	
1.1272E-5	0.636462	
1.128E-5	0.653596	
1.1288E-5	0.669954	
1.1296E-5	0.682559	
1.1304E-5	0.685262	
1.1312E-5	0.688703	
1.132E-5	0.702655	
1.1328E-5	0.715202	
1.1336E-5	0.716466	
1.1344E-5	0.712404	
1.1352E-5	0.697641	
1.136E-5	0.670787	
1.1368E-5	0.659367	
1.1376E-5	0.67247	
1.1384E-5	0.695548	
1.1392E-5	0.713208	
1.14E-5	0.702994	
1.1408E-5	0.663365	
1.1416E-5	0.613476	
1.1424E-5	0.561047	
1.1432E-5	0.522077	
1.144E-5	0.506142	
1.1448E-5	0.500051	
1.1456E-5	0.501369	
1.1464E-5	0.519549	
1.1472E-5	0.55184	
1.148E-5	0.576766	
1.1488E-5	0.59534	
1.1496E-5	0.611998	
1.1504E-5	0.605297	
1.1512E-5	0.574843	
1.152E-5	0.542542	
1.1528E-5	0.530434	
1.1536E-5	0.542163	
1.1544E-5	0.562991	
1.1552E-5	0.575937	
1.156E-5	0.578872	
1.1568E-5	0.588217	
1.1576E-5	0.606925	
1.1584E-5	0.625329	
1.1592E-5	0.626121	
1.16E-5	0.599885	
1.1608E-5	0.575337	
1.1616E-5	0.581984	
1.1624E-5	0.603333	
1.1632E-5	0.611034	
1.164E-5	0.602353	
1.1648E-5	0.591496	
1.1656E-5	0.582873	
1.1664E-5	0.572288	
1.1672E-5	0.577929	
1.168E-5	0.592882	
1.1688E-5	0.59585	
1.1696E-5	0.595763	
1.1704E-5	0.582128	
1.1712E-5	0.555331	
1.172E-5	0.536467	
1.1728E-5	0.521122	
1.1736E-5	0.518187	
1.1744E-5	0.539729	
1.1752E-5	0.559642	
1.176E-5	0.553643	
1.1768E-5	0.535177	
1.1776E-5	0.525998	
1.1784E-5	0.532752	
1.1792E-5	0.55715	
1.18E-5	0.589627	
1.1808E-5	0.613217	
1.1816E-5	0.620657	
1.1824E-5	0.609022	
1.1832E-5	0.583415	
1.184E-5	0.562889	
1.1848E-5	0.554625	
1.1856E-5	0.557301	
1.1864E-5	0.571295	
1.1872E-5	0.575513	
1.188E-5	0.558089	
1.1888E-5	0.534665	
1.1896E-5	0.510859	
1.1904E-5	0.482294	
1.1912E-5	0.452616	
1.192E-5	0.429236	
1.1928E-5	0.423579	
1.1936E-5	0.438644	
1.1944E-5	0.458396	
1.1952E-5	0.472376	
1.196E-5	0.473301	
1.1968E-5	0.4618	
1.1976E-5	0.458283	
1.1984E-5	0.479453	
1.1992E-5	0.511176	
1.2E-5	0.521873	
1.2008E-5	0.502925	
1.2016E-5	0.480942	
1.2024E-5	0.479211	
1.2032E-5	0.477516	
1.204E-5	0.463992	
1.2048E-5	0.464288	
1.2056E-5	0.48466	
1.2064E-5	0.503505	
1.2072E-5	0.498491	
1.208E-5	0.473082	
1.2088E-5	0.460412	
1.2096E-5	0.46587	
1.2104E-5	0.469347	
1.2112E-5	0.476821	
1.212E-5	0.486435	
1.2128E-5	0.486163	
1.2136E-5	0.492263	
1.2144E-5	0.498075	
1.2152E-5	0.472931	
1.216E-5	0.42069	
1.2168E-5	0.363417	
1.2176E-5	0.323314	
1.2184E-5	0.306723	
1.2192E-5	0.292682	
1.22E-5	0.272484	
1.2208E-5	0.268145	
1.2216E-5	0.287122	
1.2224E-5	0.30967	
1.2232E-5	0.330056	
1.224E-5	0.347602	
1.2248E-5	0.363091	
1.2256E-5	0.376307	
1.2264E-5	0.384086	
1.2272E-5	0.382011	
1.228E-5	0.357147	
1.2288E-5	0.324602	
1.2296E-5	0.304503	
1.2304E-5	0.296089	
1.2312E-5	0.302945	
1.232E-5	0.323537	
1.2328E-5	0.351289	
1.2336E-5	0.383067	
1.2344E-5	0.401733	
1.2352E-5	0.398337	
1.236E-5	0.395285	
1.2368E-5	0.387064	
1.2376E-5	0.356528	
1.2384E-5	0.33151	
1.2392E-5	0.331369	
1.24E-5	0.340567	
1.2408E-5	0.344836	
1.2416E-5	0.335862	
1.2424E-5	0.311827	
1.2432E-5	0.290721	
1.244E-5	0.286219	
1.2448E-5	0.291793	
1.2456E-5	0.300014	
1.2464E-5	0.309314	
1.2472E-5	0.321399	
1.248E-5	0.326017	
1.2488E-5	0.309642	
1.2496E-5	0.282722	
1.2504E-5	0.254877	
1.2512E-5	0.217905	
1.252E-5	0.178319	
1.2528E-5	0.157594	
1.2536E-5	0.166609	
1.2544E-5	0.200091	
1.2552E-5	0.233955	
1.256E-5	0.246617	
1.2568E-5	0.24507	
1.2576E-5	0.236661	
1.2584E-5	0.226864	
1.2592E-5	0.224936	
1.26E-5	0.21478	
1.2608E-5	0.192779	
1.2616E-5	0.183296	
1.2624E-5	0.18587	
1.2632E-5	0.180722	
1.264E-5	0.172283	
1.2648E-5	0.166864	
1.2656E-5	0.151877	
1.2664E-5	0.123204	
1.2672E-5	0.0887372	
1.268E-5	0.0720973	
1.2688E-5	0.0936131	
1.2696E-5	0.133536	
1.2704E-5	0.168034	
1.2712E-5	0.194268	
1.272E-5	0.203645	
1.2728E-5	0.19465	
1.2736E-5	0.176923	
1.2744E-5	0.160125	
1.2752E-5	0.150655	
1.276E-5	0.141583	
1.2768E-5	0.138982	
1.2776E-5	0.15587	
1.2784E-5	0.177081	
1.2792E-5	0.180887	
1.28E-5	0.168786	
1.2808E-5	0.143033	
1.2816E-5	0.113193	
1.2824E-5	0.0950166	
1.2832E-5	0.0827039	
1.284E-5	0.0811609	
1.2848E-5	0.0982879	
1.2856E-5	0.116327	
1.2864E-5	0.122938	
1.2872E-5	0.11851	
1.288E-5	0.0899452	
1.2888E-5	0.0374329	
1.2896E-5	-0.00903666	
1.2904E-5	-0.0280726	
1.2912E-5	-0.0249218	
1.292E-5	-0.0113238	
1.2928E-5	0.00549662	
1.2936E-5	0.0135109	
1.2944E-5	0.0120865	
1.2952E-5	0.0199516	
1.296E-5	0.0358206	
1.2968E-5	0.0393819	
1.2976E-5	0.0231749	
1.2984E-5	0.00544047	
1.2992E-5	0.00843251	
1.3E-5	0.0256498	
1.3008E-5	0.0466725	
1.3016E-5	0.0713954	
1.3024E-5	0.0959547	
1.3032E-5	0.108951	
1.304E-5	0.0953783	
1.3048E-5	0.0554363	
1.3056E-5	0.00348723	
1.3064E-5	-0.046358	
1.3072E-5	-0.0853789	
1.308E-5	-0.107914	
1.3088E-5	-0.115136	
1.3096E-5	-0.114007	
1.3104E-5	-0.104795	
1.3112E-5	-0.0990483	
1.312E-5	-0.100582	
1.3128E-5	-0.0912968	
1.3136E-5	-0.0757458	
1.3144E-5	-0.0708557	
1.3152E-5	-0.0743108	
1.316E-5	-0.0851512	
1.3168E-5	-0.104725	
1.3176E-5	-0.112967	
1.3184E-5	-0.0976629	
1.3192E-5	-0.0781231	
1.32E-5	-0.0657691	
1.3208E-5	-0.06046	
1.3216E-5	-0.0713801	
1.3224E-5	-0.0934751	
1.3232E-5	-0.118445	
1.324E-5	-0.142278	
1.3248E-5	-0.158725	
1.3256E-5	-0.163572	
1.3264E-5	-0.15159	
1.3272E-5	-0.142938	
1.328E-5	-0.14761	
1.3288E-5	-0.146264	
1.3296E-5	-0.148975	
1.3304E-5	-0.162629	
1.3312E-5	-0.173889	
1.332E-5	-0.193642	
1.3328E-5	-0.214978	
1.3336E-5	-0.215138	
1.3344E-5	-0.202483	
1.3352E-5	-0.193988	
1.336E-5	-0.19844	
1.3368E-5	-0.210616	
1.3376E-5	-0.221611	
1.3384E-5	-0.226804	
1.3392E-5	-0.222069	
1.34E-5	-0.20675	
1.3408E-5	-0.177904	
1.3416E-5	-0.147803	
1.3424E-5	-0.144597	
1.3432E-5	-0.167245	
1.344E-5	-0.182169	
1.3448E-5	-0.187538	
1.3456E-5	-0.197758	
1.3464E-5	-0.194442	
1.3472E-5	-0.173853	
1.348E-5	-0.158282	
1.3488E-5	-0.165139	
1.3496E-5	-0.193313	
1.3504E-5	-0.22549	
1.3512E-5	-0.258228	
1.352E-5	-0.299564	
1.3528E-5	-0.346136	
1.3536E-5	-0.378477	
1.3544E-5	-0.384043	
1.3552E-5	-0.370692	
1.356E-5	-0.342412	
1.3568E-5	-0.312919	
1.3576E-5	-0.306237	
1.3584E-5	-0.316529	
1.3592E-5	-0.324553	
1.36E-5	-0.321913	
1.3608E-5	-0.30847	
1.3616E-5	-0.296586	
1.3624E-5	-0.291566	
1.3632E-5	-0.281606	
1.364E-5	-0.274309	
1.3648E-5	-0.294687	
1.3656E-5	-0.328803	
1.3664E-5	-0.345843	
1.3672E-5	-0.358166	
1.368E-5	-0.383856	
1.3688E-5	-0.403506	
1.3696E-5	-0.395079	
1.3704E-5	-0.365383	
1.3712E-5	-0.331171	
1.372E-5	-0.310748	
1.3728E-5	-0.320167	
1.3736E-5	-0.340682	
1.3744E-5	-0.349763	
1.3752E-5	-0.360614	
1.376E-5	-0.378988	
1.3768E-5	-0.398712	
1.3776E-5	-0.420622	
1.3784E-5	-0.428277	
1.3792E-5	-0.420231	
1.38E-5	-0.417218	
1.3808E-5	-0.41568	
1.3816E-5	-0.413165	
1.3824E-5	-0.417176	
1.3832E-5	-0.426349	
1.384E-5	-0.431336	
1.3848E-5	-0.416741	
1.3856E-5	-0.382403	
1.3864E-5	-0.353045	
1.3872E-5	-0.345688	
1.388E-5	-0.358315	
1.3888E-5	-0.389461	
1.3896E-5	-0.418315	
1.3904E-5	-0.430865	
1.3912E-5	-0.447694	
1.392E-5	-0.464233	
1.3928E-5	-0.47081	
1.3936E-5	-0.48234	
1.3944E-5	-0.485324	
1.3952E-5	-0.470104	
1.396E-5	-0.463634	
1.3968E-5	-0.477594	
1.3976E-5	-0.490266	
1.3984E-5	-0.49146	
1.3992E-5	-0.500531	
1.4E-5	-0.510096	
1.4008E-5	-0.502876	
1.4016E-5	-0.491897	
1.4024E-5	-0.482645	
1.4032E-5	-0.478463	
1.404E-5	-0.480668	
1.4048E-5	-0.484216	
1.4056E-5	-0.49667	
1.4064E-5	-0.511663	
1.4072E-5	-0.522836	
1.408E-5	-0.544283	
1.4088E-5	-0.57186	
1.4096E-5	-0.576351	
1.4104E-5	-0.559448	
1.4112E-5	-0.548635	
1.412E-5	-0.545654	
1.4128E-5	-0.553542	
1.4136E-5	-0.580304	
1.4144E-5	-0.612889	
1.4152E-5	-0.638448	
1.416E-5	-0.656785	
1.4168E-5	-0.65507	
1.4176E-5	-0.621982	
1.4184E-5	-0.581893	
1.4192E-5	-0.551528	
1.42E-5	-0.520397	
1.4208E-5	-0.490362	
1.4216E-5	-0.481463	
1.4224E-5	-0.494849	
1.4232E-5	-0.507755	
1.424E-5	-0.52454	
1.4248E-5	-0.558959	
1.4256E-5	-0.5996	
1.4264E-5	-0.638563	
1.4272E-5	-0.667437	
1.428E-5	-0.67755	
1.4288E-5	-0.675762	
1.4296E-5	-0.657308	
1.4304E-5	-0.614955	
1.4312E-5	-0.56668	
1.432E-5	-0.531382	
1.4328E-5	-0.508052	
1.4336E-5	-0.491769	
1.4344E-5	-0.480877	
1.4352E-5	-0.476597	
1.436E-5	-0.493026	
1.4368E-5	-0.534394	
1.4376E-5	-0.581865	
1.4384E-5	-0.612514	
1.4392E-5	-0.624979	
1.44E-5	-0.639608	
1.4408E-5	-0.659026	
1.4416E-5	-0.659692	
1.4424E-5	-0.639578	
1.4432E-5	-0.624429	
1.444E-5	-0.60977	
1.4448E-5	-0.590583	
1.4456E-5	-0.578238	
1.4464E-5	-0.569831	
1.4472E-5	-0.575554	
1.448E-5	-0.586977	
1.4488E-5	-0.587287	
1.4496E-5	-0.595837	
1.4504E-5	-0.620586	
1.4512E-5	-0.644416	
1.452E-5	-0.65566	
1.4528E-5	-0.65258	
1.4536E-5	-0.639265	
1.4544E-5	-0.632246	
1.4552E-5	-0.637491	
1.456E-5	-0.633847	
1.4568E-5	-0.611781	
1.4576E-5	-0.596463	
1.4584E-5	-0.602538	
1.4592E-5	-0.618831	
1.46E-5	-0.635246	
1.4608E-5	-0.641403	
1.4616E-5	-0.639713	
1.4624E-5	-0.63794	
1.4632E-5	-0.634637	
1.464E-5	-0.620611	
1.4648E-5	-0.598396	
1.4656E-5	-0.593008	
1.4664E-5	-0.605868	
1.4672E-5	-0.611278	
1.468E-5	-0.601405	
1.4688E-5	-0.595263	
1.4696E-5	-0.597603	
1.4704E-5	-0.587988	
1.4712E-5	-0.569229	
1.472E-5	-0.557119	
1.4728E-5	-0.559409	
1.4736E-5	-0.586251	
1.4744E-5	-0.620941	
1.4752E-5	-0.637507	
1.476E-5	-0.645432	
1.4768E-5	-0.652505	
1.4776E-5	-0.648804	
1.4784E-5	-0.638394	
1.4792E-5	-0.637444	
1.48E-5	-0.657025	
1.4808E-5	-0.688559	
1.4816E-5	-0.714633	
1.4824E-5	-0.731484	
1.4832E-5	-0.73531	
1.484E-5	-0.725797	
1.4848E-5	-0.718699	
1.4856E-5	-0.716516	
1.4864E-5	-0.704791	
1.4872E-5	-0.672315	
1.488E-5	-0.631558	
1.4888E-5	-0.603478	
1.4896E-5	-0.593754	
1.4904E-5	-0.602866	
1.4912E-5	-0.622302	
1.492E-5	-0.635173	
1.4928E-5	-0.639694	
1.4936E-5	-0.653633	
1.4944E-5	-0.676891	
1.4952E-5	-0.686037	
1.496E-5	-0.666629	
1.4968E-5	-0.639588	
1.4976E-5	-0.638662	
1.4984E-5	-0.653987	
1.4992E-5	-0.657198	
1.5E-5	-0.651878	
1.5008E-5	-0.658504	
1.5016E-5	-0.667467	
1.5024E-5	-0.655391	
1.5032E-5	-0.641624	
1.504E-5	-0.650266	
1.5048E-5	-0.667778	
1.5056E-5	-0.676678	
1.5064E-5	-0.680039	
1.5072E-5	-0.68854	
1.508E-5	-0.697488	
1.5088E-5	-0.696498	
1.5096E-5	-0.682229	
1.5104E-5	-0.648756	
1.5112E-5	-0.610696	
1.512E-5	-0.588275	
1.5128E-5	-0.577663	
1.5136E-5	-0.582415	
1.5144E-5	-0.597088	
1.5152E-5	-0.606276	
1.516E-5	-0.613706	
1.5168E-5	-0.619852	
1.5176E-5	-0.623987	
1.5184E-5	-0.633137	
1.5192E-5	-0.649878	
1.52E-5	-0.659206	
1.5208E-5	-0.641222	
1.5216E-5	-0.614251	
1.5224E-5	-0.597555	
1.5232E-5	-0.575017	
1.524E-5	-0.544936	
1.5248E-5	-0.52336	
1.5256E-5	-0.51712	
1.5264E-5	-0.518401	
1.5272E-5	-0.515742	
1.528E-5	-0.506008	
1.5288E-5	-0.493536	
1.5296E-5	-0.489413	
1.5304E-5	-0.507435	
1.5312E-5	-0.544707	
1.532E-5	-0.583165	
1.5328E-5	-0.615904	
1.5336E-5	-0.630871	
1.5344E-5	-0.625536	
1.5352E-5	-0.627464	
1.536E-5	-0.642546	
1.5368E-5	-0.657955	
1.5376E-5	-0.674829	
1.5384E-5	-0.693002	
1.5392E-5	-0.694224	
1.54E-5	-0.656049	
1.5408E-5	-0.592281	
1.5416E-5	-0.545869	
1.5424E-5	-0.527926	
1.5432E-5	-0.522296	
1.544E-5	-0.532718	
1.5448E-5	-0.549614	
1.5456E-5	-0.556407	
1.5464E-5	-0.570156	
1.5472E-5	-0.589062	
1.548E-5	-0.589518	
1.5488E-5	-0.567886	
1.5496E-5	-0.532741	
1.5504E-5	-0.496138	
1.5512E-5	-0.472236	
1.552E-5	-0.465503	
1.5528E-5	-0.45762	
1.5536E-5	-0.439706	
1.5544E-5	-0.421434	
1.5552E-5	-0.418564	
1.556E-5	-0.444296	
1.5568E-5	-0.48689	
1.5576E-5	-0.522742	
1.5584E-5	-0.530767	
1.5592E-5	-0.519699	
1.56E-5	-0.522911	
1.5608E-5	-0.545023	
1.5616E-5	-0.562668	
1.5624E-5	-0.566443	
1.5632E-5	-0.562414	
1.564E-5	-0.554568	
1.5648E-5	-0.548953	
1.5656E-5	-0.55143	
1.5664E-5	-0.560106	
1.5672E-5	-0.565754	
1.568E-5	-0.555076	
1.5688E-5	-0.51713	
1.5696E-5	-0.47544	
1.5704E-5	-0.455751	
1.5712E-5	-0.447775	
1.572E-5	-0.450976	
1.5728E-5	-0.460055	
1.5736E-5	-0.450393	
1.5744E-5	-0.423162	
1.5752E-5	-0.408004	
1.576E-5	-0.412902	
1.5768E-5	-0.424006	
1.5776E-5	-0.445155	
1.5784E-5	-0.476944	
1.5792E-5	-0.502898	
1.58E-5	-0.503748	
1.5808E-5	-0.481658	
1.5816E-5	-0.45601	
1.5824E-5	-0.429333	
1.5832E-5	-0.404503	
1.584E-5	-0.387571	
1.5848E-5	-0.368517	
1.5856E-5	-0.345184	
1.5864E-5	-0.337833	
1.5872E-5	-0.351123	
1.588E-5	-0.373091	
1.5888E-5	-0.395259	
1.5896E-5	-0.412258	
1.5904E-5	-0.421178	
1.5912E-5	-0.415006	
1.592E-5	-0.405115	
1.5928E-5	-0.395141	
1.5936E-5	-0.372803	
1.5944E-5	-0.357114	
1.5952E-5	-0.356912	
1.596E-5	-0.35753	
1.5968E-5	-0.355334	
1.5976E-5	-0.341348	
1.5984E-5	-0.315156	
1.5992E-5	-0.300281	
1.6E-5	-0.306553	
1.6008E-5	-0.322407	
1.6016E-5	-0.33663	
1.6024E-5	-0.330965	
1.6032E-5	-0.315626	
1.604E-5	-0.309372	
1.6048E-5	-0.303166	
1.6056E-5	-0.299711	
1.6064E-5	-0.300235	
1.6072E-5	-0.303205	
1.608E-5	-0.306905	
1.6088E-5	-0.307662	
1.6096E-5	-0.302224	
1.6104E-5	-0.284605	
1.6112E-5	-0.258844	
1.612E-5	-0.241668	
1.6128E-5	-0.256056	
1.6136E-5	-0.295559	
1.6144E-5	-0.334079	
1.6152E-5	-0.364944	
1.616E-5	-0.386164	
1.6168E-5	-0.39398	
1.6176E-5	-0.383949	
1.6184E-5	-0.347541	
1.6192E-5	-0.293149	
1.62E-5	-0.247977	
1.6208E-5	-0.233568	
1.6216E-5	-0.249749	
1.6224E-5	-0.271649	
1.6232E-5	-0.268976	
1.624E-5	-0.250794	
1.6248E-5	-0.237509	
1.6256E-5	-0.220563	
1.6264E-5	-0.20171	
1.6272E-5	-0.200419	
1.628E-5	-0.217099	
1.6288E-5	-0.230978	
1.6296E-5	-0.231233	
1.6304E-5	-0.217884	
1.6312E-5	-0.201828	
1.632E-5	-0.199307	
1.6328E-5	-0.20129	
1.6336E-5	-0.200009	
1.6344E-5	-0.212487	
1.6352E-5	-0.231845	
1.636E-5	-0.228606	
1.6368E-5	-0.211524	
1.6376E-5	-0.211236	
1.6384E-5	-0.220863	
1.6392E-5	-0.215324	
1.64E-5	-0.195776	
1.6408E-5	-0.17852	
1.6416E-5	-0.173742	
1.6424E-5	-0.185797	
1.6432E-5	-0.210791	
1.644E-5	-0.232655	
1.6448E-5	-0.242618	
1.6456E-5	-0.236228	
1.6464E-5	-0.212308	
1.6472E-5	-0.189199	
1.648E-5	-0.166763	
1.6488E-5	-0.145181	
1.6496E-5	-0.134774	
1.6504E-5	-0.120668	
1.6512E-5	-0.094752	
1.652E-5	-0.0584739	
1.6528E-5	-0.016908	
1.6536E-5	0.0189456	
1.6544E-5	0.0411301	
1.6552E-5	0.0354463	
1.656E-5	-0.000464082	
1.6568E-5	-0.0431207	
1.6576E-5	-0.0686342	
1.6584E-5	-0.0653622	
1.6592E-5	-0.043015	
1.66E-5	-0.0243124	
1.6608E-5	-0.0102675	
1.6616E-5	0.00400066	
1.6624E-5	0.00553405	
1.6632E-5	-0.0117208	
1.664E-5	-0.0246642	
1.6648E-5	-0.0256597	
1.6656E-5	-0.0316452	
1.6664E-5	-0.0270494	
1.6672E-5	-0.0101585	
1.668E-5	-0.00160849	
1.6688E-5	0.00666881	
1.6696E-5	0.0127041	
1.6704E-5	0.0107735	
1.6712E-5	0.0113438	
1.672E-5	0.0214614	
1.6728E-5	0.043095	
1.6736E-5	0.0661387	
1.6744E-5	0.0718306	
1.6752E-5	0.0499064	
1.676E-5	0.00835705	
1.6768E-5	-0.0328814	
1.6776E-5	-0.0546838	
1.6784E-5	-0.0462067	
1.6792E-5	-0.0182365	
1.68E-5	0.00521147	
1.6808E-5	0.0120268	
1.6816E-5	0.0150406	
1.6824E-5	0.0379882	
1.6832E-5	0.0806129	
1.684E-5	0.116938	
1.6848E-5	0.125939	
1.6856E-5	0.108791	
1.6864E-5	0.0793769	
1.6872E-5	0.0661011	
1.688E-5	0.0830244	
1.6888E-5	0.111424	
1.6896E-5	0.136023	
1.6904E-5	0.144467	
1.6912E-5	0.12646	
1.692E-5	0.0882512	
1.6928E-5	0.0527054	
1.6936E-5	0.0441438	
1.6944E-5	0.0639942	
1.6952E-5	0.0998015	
1.696E-5	0.138856	
1.6968E-5	0.168139	
1.6976E-5	0.176533	
1.6984E-5	0.159066	
1.6992E-5	0.124994	
1.7E-5	0.0909455	
1.7008E-5	0.068249	
1.7016E-5	0.0585004	
1.7024E-5	0.0693706	
1.7032E-5	0.105399	
1.704E-5	0.140686	
1.7048E-5	0.158584	
1.7056E-5	0.166315	
1.7064E-5	0.171765	
1.7072E-5	0.181558	
1.708E-5	0.192823	
1.7088E-5	0.201323	
1.7096E-5	0.207845	
1.7104E-5	0.212132	
1.7112E-5	0.209121	
1.712E-5	0.20666	
1.7128E-5	0.213713	
1.7136E-5	0.228982	
1.7144E-5	0.256067	
1.7152E-5	0.287416	
1.716E-5	0.311509	
1.7168E-5	0.328177	
1.7176E-5	0.336488	
1.7184E-5	0.32996	
1.7192E-5	0.309383	
1.72E-5	0.282807	
1.7208E-5	0.263709	
1.7216E-5	0.26781	
1.7224E-5	0.28483	
1.7232E-5	0.285663	
1.724E-5	0.262304	
1.7248E-5	0.228187	
1.7256E-5	0.203086	
1.7264E-5	0.194038	
1.7272E-5	0.195813	
1.728E-5	0.205201	
1.7288E-5	0.208399	
1.7296E-5	0.204776	
1.7304E-5	0.208113	
1.7312E-5	0.227726	
1.732E-5	0.263817	
1.7328E-5	0.298969	
1.7336E-5	0.322351	
1.7344E-5	0.339048	
1.7352E-5	0.354791	
1.736E-5	0.363577	
1.7368E-5	0.369446	
1.7376E-5	0.38458	
1.7384E-5	0.397528	
1.7392E-5	0.398113	
1.74E-5	0.387518	
1.7408E-5	0.364273	
1.7416E-5	0.338912	
1.7424E-5	0.330264	
1.7432E-5	0.349467	
1.744E-5	0.377653	
1.7448E-5	0.392154	
1.7456E-5	0.398697	
1.7464E-5	0.394212	
1.7472E-5	0.370263	
1.748E-5	0.335011	
1.7488E-5	0.305242	
1.7496E-5	0.303809	
1.7504E-5	0.336375	
1.7512E-5	0.371975	
1.752E-5	0.381935	
1.7528E-5	0.376499	
1.7536E-5	0.379759	
1.7544E-5	0.390263	
1.7552E-5	0.399774	
1.756E-5	0.408368	
1.7568E-5	0.405307	
1.7576E-5	0.392206	
1.7584E-5	0.380209	
1.7592E-5	0.37681	
1.76E-5	0.387733	
1.7608E-5	0.401029	
1.7616E-5	0.405218	
1.7624E-5	0.405587	
1.7632E-5	0.415162	
1.764E-5	0.434493	
1.7648E-5	0.457864	
1.7656E-5	0.488038	
1.7664E-5	0.515294	
1.7672E-5	0.524014	
1.768E-5	0.510459	
1.7688E-5	0.478419	
1.7696E-5	0.451153	
1.7704E-5	0.440699	
1.7712E-5	0.438069	
1.772E-5	0.452971	
1.7728E-5	0.483236	
1.7736E-5	0.502715	
1.7744E-5	0.506622	
1.7752E-5	0.507035	
1.776E-5	0.501735	
1.7768E-5	0.500531	
1.7776E-5	0.515409	
1.7784E-5	0.526169	
1.7792E-5	0.517559	
1.78E-5	0.494525	
1.7808E-5	0.463181	
1.7816E-5	0.431784	
1.7824E-5	0.419218	
1.7832E-5	0.436548	
1.784E-5	0.459961	
1.7848E-5	0.477481	
1.7856E-5	0.49941	
1.7864E-5	0.518632	
1.7872E-5	0.536345	
1.788E-5	0.545322	
1.7888E-5	0.534457	
1.7896E-5	0.529874	
1.7904E-5	0.537337	
1.7912E-5	0.533121	
1.792E-5	0.518488	
1.7928E-5	0.513431	
1.7936E-5	0.524908	
1.7944E-5	0.531909	
1.7952E-5	0.529454	
1.796E-5	0.53189	
1.7968E-5	0.540924	
1.7976E-5	0.548809	
1.7984E-5	0.547903	
1.7992E-5	0.553578	
1.8E-5	0.574378	
1.8008E-5	0.597648	
1.8016E-5	0.612927	
1.8024E-5	0.615666	
1.8032E-5	0.618315	
1.804E-5	0.620045	
1.8048E-5	0.600453	
1.8056E-5	0.576538	
1.8064E-5	0.573858	
1.8072E-5	0.578524	
1.808E-5	0.571123	
1.8088E-5	0.561601	
1.8096E-5	0.573976	
1.8104E-5	0.603202	
1.8112E-5	0.631028	
1.812E-5	0.647599	
1.8128E-5	0.645955	
1.8136E-5	0.634915	
1.8144E-5	0.624872	
1.8152E-5	0.619766	
1.816E-5	0.622926	
1.8168E-5	0.6312	
1.8176E-5	0.632129	
1.8184E-5	0.627437	
1.8192E-5	0.62542	
1.82E-5	0.60876	
1.8208E-5	0.584099	
1.8216E-5	0.577654	
1.8224E-5	0.58384	
1.8232E-5	0.592121	
1.824E-5	0.593249	
1.8248E-5	0.576419	
1.8256E-5	0.557277	
1.8264E-5	0.56503	
1.8272E-5	0.596615	
1.828E-5	0.616919	
1.8288E-5	0.616855	
1.8296E-5	0.617637	
1.8304E-5	0.630224	
1.8312E-5	0.644906	
1.832E-5	0.650212	
1.8328E-5	0.653246	
1.8336E-5	0.650887	
1.8344E-5	0.632292	
1.8352E-5	0.601472	
1.836E-5	0.568286	
1.8368E-5	0.542052	
1.8376E-5	0.521416	
1.8384E-5	0.502139	
1.8392E-5	0.494929	
1.84E-5	0.517059	
1.8408E-5	0.555148	
1.8416E-5	0.581916	
1.8424E-5	0.599922	
1.8432E-5	0.610539	
1.844E-5	0.605476	
1.8448E-5	0.586847	
1.8456E-5	0.569329	
1.8464E-5	0.571247	
1.8472E-5	0.593062	
1.848E-5	0.621733	
1.8488E-5	0.638684	
1.8496E-5	0.63948	
1.8504E-5	0.633863	
1.8512E-5	0.631553	
1.852E-5	0.644664	
1.8528E-5	0.666237	
1.8536E-5	0.68181	
1.8544E-5	0.69597	
1.8552E-5	0.71221	
1.856E-5	0.711418	
1.8568E-5	0.680931	
1.8576E-5	0.646955	
1.8584E-5	0.640804	
1.8592E-5	0.659513	
1.86E-5	0.672572	
1.8608E-5	0.665913	
1.8616E-5	0.651259	
1.8624E-5	0.628851	
1.8632E-5	0.606689	
1.864E-5	0.608893	
1.8648E-5	0.633508	
1.8656E-5	0.660487	
1.8664E-5	0.682745	
1.8672E-5	0.6968	
1.868E-5	0.693057	
1.8688E-5	0.67226	
1.8696E-5	0.655316	
1.8704E-5	0.657371	
1.8712E-5	0.661608	
1.872E-5	0.645374	
1.8728E-5	0.615628	
1.8736E-5	0.591291	
1.8744E-5	0.575315	
1.8752E-5	0.570994	
1.876E-5	0.578777	
1.8768E-5	0.593336	
1.8776E-5	0.604879	
1.8784E-5	0.602931	
1.8792E-5	0.605013	
1.88E-5	0.614821	
1.8808E-5	0.620367	
1.8816E-5	0.629637	
1.8824E-5	0.644656	
1.8832E-5	0.64948	
1.884E-5	0.634841	
1.8848E-5	0.616885	
1.8856E-5	0.596581	
1.8864E-5	0.565546	
1.8872E-5	0.547384	
1.888E-5	0.554209	
1.8888E-5	0.562521	
1.8896E-5	0.566176	
1.8904E-5	0.577637	
1.8912E-5	0.586872	
1.892E-5	0.583441	
1.8928E-5	0.578427	
1.8936E-5	0.571146	
1.8944E-5	0.547258	
1.8952E-5	0.521367	
1.896E-5	0.511583	
1.8968E-5	0.50184	
1.8976E-5	0.494225	
1.8984E-5	0.509659	
1.8992E-5	0.537259	
1.9E-5	0.565034	
1.9008E-5	0.591196	
1.9016E-5	0.603282	
1.9024E-5	0.596773	
1.9032E-5	0.582144	
1.904E-5	0.573322	
1.9048E-5	0.580408	
1.9056E-5	0.605559	
1.9064E-5	0.63519	
1.9072E-5	0.65176	
1.908E-5	0.657762	
1.9088E-5	0.649628	
1.9096E-5	0.610761	
1.9104E-5	0.565326	
1.9112E-5	0.550301	
1.912E-5	0.548869	
1.9128E-5	0.529121	
1.9136E-5	0.491586	
1.9144E-5	0.456211	
1.9152E-5	0.449377	
1.916E-5	0.481418	
1.9168E-5	0.52961	
1.9176E-5	0.558671	
1.9184E-5	0.55946	
1.9192E-5	0.552468	
1.92E-5	0.551209	
1.9208E-5	0.553332	
1.9216E-5	0.555866	
1.9224E-5	0.555875	
1.9232E-5	0.552389	
1.924E-5	0.549223	
1.9248E-5	0.535603	
1.9256E-5	0.50258	
1.9264E-5	0.459306	
1.9272E-5	0.420452	
1.928E-5	0.405788	
1.9288E-5	0.41776	
1.9296E-5	0.438481	
1.9304E-5	0.46554	
1.9312E-5	0.490645	
1.932E-5	0.484795	
1.9328E-5	0.463187	
1.9336E-5	0.468099	
1.9344E-5	0.489423	
1.9352E-5	0.493845	
1.936E-5	0.478769	
1.9368E-5	0.464742	
1.9376E-5	0.461363	
1.9384E-5	0.460476	
1.9392E-5	0.460708	
1.94E-5	0.464452	
1.9408E-5	0.467927	
1.9416E-5	0.462131	
1.9424E-5	0.444886	
1.9432E-5	0.431175	
1.944E-5	0.43055	
1.9448E-5	0.425943	
1.9456E-5	0.40964	
1.9464E-5	0.40266	
1.9472E-5	0.41726	
1.948E-5	0.435233	
1.9488E-5	0.440775	
1.9496E-5	0.437715	
1.9504E-5	0.421144	
1.9512E-5	0.400746	
1.952E-5	0.391737	
1.9528E-5	0.377165	
1.9536E-5	0.356611	
1.9544E-5	0.352587	
1.9552E-5	0.362274	
1.956E-5	0.375102	
1.9568E-5	0.384457	
1.9576E-5	0.375058	
1.9584E-5	0.363878	
1.9592E-5	0.381874	
1.96E-5	0.40638	
1.9608E-5	0.397967	
1.9616E-5	0.375805	
1.9624E-5	0.380627	
1.9632E-5	0.410829	
1.964E-5	0.440655	
1.9648E-5	0.445091	
1.9656E-5	0.415462	
1.9664E-5	0.375766	
1.9672E-5	0.346764	
1.968E-5	0.315749	
1.9688E-5	0.27748	
1.9696E-5	0.251293	
1.9704E-5	0.256293	
1.9712E-5	0.277718	
1.972E-5	0.292998	
1.9728E-5	0.314287	
1.9736E-5	0.345867	
1.9744E-5	0.365453	
1.9752E-5	0.35856	
1.976E-5	0.335978	
1.9768E-5	0.314594	
1.9776E-5	0.293684	
1.9784E-5	0.275542	
1.9792E-5	0.277892	
1.98E-5	0.297452	
1.9808E-5	0.319519	
1.9816E-5	0.345123	
1.9824E-5	0.359452	
1.9832E-5	0.337256	
1.984E-5	0.298709	
1.9848E-5	0.27913	
1.9856E-5	0.272868	
1.9864E-5	0.268852	
1.9872E-5	0.262148	
1.988E-5	0.25435	
1.9888E-5	0.263015	
1.9896E-5	0.272592	
1.9904E-5	0.255515	
1.9912E-5	0.218605	
1.992E-5	0.189508	
1.9928E-5	0.194502	
1.9936E-5	0.223412	
1.9944E-5	0.245563	
1.9952E-5	0.249285	
1.996E-5	0.238949	
1.9968E-5	0.218196	
1.9976E-5	0.197871	
1.9984E-5	0.184598	
1.9992E-5	0.176245	
2E-5	0.177413	
2.0008E-5	0.174253	
2.0016E-5	0.160582	
2.0024E-5	0.145646	
2.0032E-5	0.128901	
2.004E-5	0.127811	
2.0048E-5	0.142135	
2.0056E-5	0.140639	
2.0064E-5	0.124759	
2.0072E-5	0.113732	
2.008E-5	0.107592	
2.0088E-5	0.0994436	
2.0096E-5	0.099996	
2.0104E-5	0.117216	
2.0112E-5	0.137179	
2.012E-5	0.155726	
2.0128E-5	0.167501	
2.0136E-5	0.166759	
2.0144E-5	0.157717	
2.0152E-5	0.140428	
2.016E-5	0.129585	
2.0168E-5	0.126108	
2.0176E-5	0.113765	
2.0184E-5	0.104364	
2.0192E-5	0.097621	
2.02E-5	0.0803432	
2.0208E-5	0.0606588	
2.0216E-5	0.0407689	
2.0224E-5	0.0239552	
2.0232E-5	0.0214857	
2.024E-5	0.0265859	
2.0248E-5	0.0298196	
2.0256E-5	0.0420533	
2.0264E-5	0.0590179	
2.0272E-5	0.0646509	
2.028E-5	0.0696034	
2.0288E-5	0.0706562	
2.0296E-5	0.0566702	
2.0304E-5	0.0334688	
2.0312E-5	-0.00214398	
2.032E-5	-0.0329047	
2.0328E-5	-0.0404791	
2.0336E-5	-0.032276	
2.0344E-5	-0.0145007	
2.0352E-5	0.00210631	
2.036E-5	0.0225238	
2.0368E-5	0.0542506	
2.0376E-5	0.0812359	
2.0384E-5	0.0930492	
2.0392E-5	0.0933558	
2.04E-5	0.077109	
2.0408E-5	0.03609	
2.0416E-5	-0.0154964	
2.0424E-5	-0.051285	
2.0432E-5	-0.0663573	
2.044E-5	-0.0735723	
2.0448E-5	-0.0689181	
2.0456E-5	-0.0546095	
2.0464E-5	-0.0550696	
2.0472E-5	-0.0805	
2.048E-5	-0.121457	
2.0488E-5	-0.158273	
2.0496E-5	-0.177325	
2.0504E-5	-0.186419	
2.0512E-5	-0.184985	
2.052E-5	-0.168789	
2.0528E-5	-0.146499	
2.0536E-5	-0.129251	
2.0544E-5	-0.135417	
2.0552E-5	-0.160517	
2.056E-5	-0.169388	
2.0568E-5	-0.151739	
2.0576E-5	-0.136384	
2.0584E-5	-0.130173	
2.0592E-5	-0.121425	
2.06E-5	-0.116944	
2.0608E-5	-0.12527	
2.0616E-5	-0.152982	
2.0624E-5	-0.186363	
2.0632E-5	-0.199696	
2.064E-5	-0.186865	
2.0648E-5	-0.167186	
2.0656E-5	-0.167398	
2.0664E-5	-0.188414	
2.0672E-5	-0.213426	
2.068E-5	-0.225102	
2.0688E-5	-0.224973	
2.0696E-5	-0.217582	
2.0704E-5	-0.189037	
2.0712E-5	-0.156544	
2.072E-5	-0.14738	
2.0728E-5	-0.144419	
2.0736E-5	-0.132531	
2.0744E-5	-0.128285	
2.0752E-5	-0.148138	
2.076E-5	-0.177406	
2.0768E-5	-0.188654	
2.0776E-5	-0.187234	
2.0784E-5	-0.198232	
2.0792E-5	-0.217029	
2.08E-5	-0.219991	
2.0808E-5	-0.206011	
2.0816E-5	-0.188438	
2.0824E-5	-0.179226	
2.0832E-5	-0.176749	
2.084E-5	-0.177511	
2.0848E-5	-0.193738	
2.0856E-5	-0.231244	
2.0864E-5	-0.264667	
2.0872E-5	-0.263557	
2.088E-5	-0.238229	
2.0888E-5	-0.210582	
2.0896E-5	-0.182901	
2.0904E-5	-0.160503	
2.0912E-5	-0.152261	
2.092E-5	-0.153248	
2.0928E-5	-0.167526	
2.0936E-5	-0.197998	
2.0944E-5	-0.220036	
2.0952E-5	-0.223416	
2.096E-5	-0.213936	
2.0968E-5	-0.206677	
2.0976E-5	-0.223707	
2.0984E-5	-0.264672	
2.0992E-5	-0.317554	
2.1E-5	-0.365603	
2.1008E-5	-0.38662	
2.1016E-5	-0.385211	
2.1024E-5	-0.382478	
2.1032E-5	-0.382724	
2.104E-5	-0.384195	
2.1048E-5	-0.375607	
2.1056E-5	-0.359283	
2.1064E-5	-0.361692	
2.1072E-5	-0.381192	
2.108E-5	-0.393008	
2.1088E-5	-0.39545	
2.1096E-5	-0.399403	
2.1104E-5	-0.396803	
2.1112E-5	-0.384268	
2.112E-5	-0.372047	
2.1128E-5	-0.364404	
2.1136E-5	-0.361338	
2.1144E-5	-0.36602	
2.1152E-5	-0.386209	
2.116E-5	-0.41141	
2.1168E-5	-0.426431	
2.1176E-5	-0.429772	
2.1184E-5	-0.425464	
2.1192E-5	-0.422795	
2.12E-5	-0.432002	
2.1208E-5	-0.442813	
2.1216E-5	-0.443527	
2.1224E-5	-0.448064	
2.1232E-5	-0.463012	
2.124E-5	-0.481802	
2.1248E-5	-0.500566	
2.1256E-5	-0.517406	
2.1264E-5	-0.525198	
2.1272E-5	-0.526242	
2.128E-5	-0.525666	
2.1288E-5	-0.514531	
2.1296E-5	-0.49764	
2.1304E-5	-0.495762	
2.1312E-5	-0.515996	
2.132E-5	-0.542273	
2.1328E-5	-0.553763	
2.1336E-5	-0.545022	
2.1344E-5	-0.531859	
2.1352E-5	-0.518847	
2.136E-5	-0.494204	
2.1368E-5	-0.468489	
2.1376E-5	-0.459167	
2.1384E-5	-0.471035	
2.1392E-5	-0.49113	
2.14E-5	-0.504242	
2.1408E-5	-0.509629	
2.1416E-5	-0.51236	
2.1424E-5	-0.526202	
2.1432E-5	-0.552045	
2.144E-5	-0.577765	
2.1448E-5	-0.60331	
2.1456E-5	-0.625939	
2.1464E-5	-0.635791	
2.1472E-5	-0.625484	
2.148E-5	-0.59944	
2.1488E-5	-0.575018	
2.1496E-5	-0.551513	
2.1504E-5	-0.526698	
2.1512E-5	-0.51499	
2.152E-5	-0.523045	
2.1528E-5	-0.538823	
2.1536E-5	-0.549453	
2.1544E-5	-0.556708	
2.1552E-5	-0.56192	
2.156E-5	-0.563037	
2.1568E-5	-0.549599	
2.1576E-5	-0.526776	
2.1584E-5	-0.523414	
2.1592E-5	-0.541631	
2.16E-5	-0.564414	
2.1608E-5	-0.577561	
2.1616E-5	-0.566187	
2.1624E-5	-0.533439	
2.1632E-5	-0.508429	
2.164E-5	-0.512923	
2.1648E-5	-0.53369	
2.1656E-5	-0.557073	
2.1664E-5	-0.583631	
2.1672E-5	-0.61133	
2.168E-5	-0.627623	
2.1688E-5	-0.62174	
2.1696E-5	-0.599807	
2.1704E-5	-0.576336	
2.1712E-5	-0.567625	
2.172E-5	-0.571374	
2.1728E-5	-0.579001	
2.1736E-5	-0.585055	
2.1744E-5	-0.590391	
2.1752E-5	-0.604547	
2.176E-5	-0.617336	
2.1768E-5	-0.610691	
2.1776E-5	-0.591489	
2.1784E-5	-0.589288	
2.1792E-5	-0.60224	
2.18E-5	-0.598875	
2.1808E-5	-0.575079	
2.1816E-5	-0.546104	
2.1824E-5	-0.525906	
2.1832E-5	-0.524171	
2.184E-5	-0.533979	
2.1848E-5	-0.536034	
2.1856E-5	-0.523884	
2.1864E-5	-0.507486	
2.1872E-5	-0.504748	
2.188E-5	-0.525643	
2.1888E-5	-0.554541	
2.1896E-5	-0.585431	
2.1904E-5	-0.620623	
2.1912E-5	-0.640023	
2.192E-5	-0.638207	
2.1928E-5	-0.639062	
2.1936E-5	-0.656266	
2.1944E-5	-0.67895	
2.1952E-5	-0.690392	
2.196E-5	-0.687155	
2.1968E-5	-0.68312	
2.1976E-5	-0.68893	
2.1984E-5	-0.702062	
2.1992E-5	-0.717635	
2.2E-5	-0.72757	
2.2008E-5	-0.726148	
2.2016E-5	-0.710645	
2.2024E-5	-0.684769	
2.2032E-5	-0.661686	
2.204E-5	-0.646347	
2.2048E-5	-0.632681	
2.2056E-5	-0.612441	
2.2064E-5	-0.598786	
2.2072E-5	-0.610251	
2.208E-5	-0.641053	
2.2088E-5	-0.673572	
2.2096E-5	-0.689821	
2.2104E-5	-0.692644	
2.2112E-5	-0.687839	
2.212E-5	-0.674023	
2.2128E-5	-0.665375	
2.2136E-5	-0.668707	
2.2144E-5	-0.670677	
2.2152E-5	-0.657955	
2.216E-5	-0.646285	
2.2168E-5	-0.656481	
2.2176E-5	-0.671012	
2.2184E-5	-0.669897	
2.2192E-5	-0.67164	
2.22E-5	-0.681629	
2.2208E-5	-0.674985	
2.2216E-5	-0.653781	
2.2224E-5	-0.637446	
2.2232E-5	-0.621262	
2.224E-5	-0.596287	
2.2248E-5	-0.571495	
2.2256E-5	-0.559435	
2.2264E-5	-0.574047	
2.2272E-5	-0.614123	
2.228E-5	-0.651907	
2.2288E-5	-0.669572	
2.2296E-5	-0.671101	
2.2304E-5	-0.654141	
2.2312E-5	-0.617898	
2.232E-5	-0.58776	
2.2328E-5	-0.58691	
2.2336E-5	-0.609783	
2.2344E-5	-0.6421	
2.2352E-5	-0.660631	
2.236E-5	-0.651013	
2.2368E-5	-0.625122	
2.2376E-5	-0.594278	
2.2384E-5	-0.570507	
2.2392E-5	-0.566918	
2.24E-5	-0.588626	
2.2408E-5	-0.621666	
2.2416E-5	-0.639571	
2.2424E-5	-0.642723	
2.2432E-5	-0.639208	
2.244E-5	-0.619465	
2.2448E-5	-0.596281	
2.2456E-5	-0.593353	
2.2464E-5	-0.599919	
2.2472E-5	-0.597208	
2.248E-5	-0.583624	
2.2488E-5	-0.567115	
2.2496E-5	-0.563608	
2.2504E-5	-0.580267	
2.2512E-5	-0.59559	
2.252E-5	-0.597376	
2.2528E-5	-0.598167	
2.2536E-5	-0.603863	
2.2544E-5	-0.623519	
2.2552E-5	-0.653346	
2.256E-5	-0.672361	
2.2568E-5	-0.67571	
2.2576E-5	-0.673656	
2.2584E-5	-0.66207	
2.2592E-5	-0.636658	
2.26E-5	-0.611433	
2.2608E-5	-0.583691	
2.2616E-5	-0.55273	
2.2624E-5	-0.531237	
2.2632E-5	-0.527218	
2.264E-5	-0.543987	
2.2648E-5	-0.565666	
2.2656E-5	-0.572865	
2.2664E-5	-0.574558	
2.2672E-5	-0.584984	
2.268E-5	-0.599385	
2.2688E-5	-0.621877	
2.2696E-5	-0.644931	
2.2704E-5	-0.64324	
2.2712E-5	-0.626133	
2.272E-5	-0.615484	
2.2728E-5	-0.612346	
2.2736E-5	-0.605951	
2.2744E-5	-0.582422	
2.2752E-5	-0.552508	
2.276E-5	-0.537102	
2.2768E-5	-0.540452	
2.2776E-5	-0.560127	
2.2784E-5	-0.577848	
2.2792E-5	-0.58588	
2.28E-5	-0.593817	
2.2808E-5	-0.586833	
2.2816E-5	-0.554312	
2.2824E-5	-0.518457	
2.2832E-5	-0.503814	
2.284E-5	-0.516387	
2.2848E-5	-0.544373	
2.2856E-5	-0.57536	
2.2864E-5	-0.605861	
2.2872E-5	-0.630469	
2.288E-5	-0.637311	
2.2888E-5	-0.624592	
2.2896E-5	-0.611953	
2.2904E-5	-0.606414	
2.2912E-5	-0.598953	
2.292E-5	-0.585621	
2.2928E-5	-0.57054	
2.2936E-5	-0.558988	
2.2944E-5	-0.540993	
2.2952E-5	-0.52081	
2.296E-5	-0.513465	
2.2968E-5	-0.512863	
2.2976E-5	-0.504153	
2.2984E-5	-0.490876	
2.2992E-5	-0.485059	
2.3E-5	-0.477774	
2.3008E-5	-0.468159	
2.3016E-5	-0.466883	
2.3024E-5	-0.475091	
2.3032E-5	-0.488767	
2.304E-5	-0.496	
2.3048E-5	-0.492797	
2.3056E-5	-0.490101	
2.3064E-5	-0.487664	
2.3072E-5	-0.474266	
2.308E-5	-0.456518	
2.3088E-5	-0.452906	
2.3096E-5	-0.469357	
2.3104E-5	-0.48722	
2.3112E-5	-0.486953	
2.312E-5	-0.483984	
2.3128E-5	-0.490495	
2.3136E-5	-0.500905	
2.3144E-5	-0.51061	
2.3152E-5	-0.509688	
2.316E-5	-0.495787	
2.3168E-5	-0.47847	
2.3176E-5	-0.465941	
2.3184E-5	-0.460673	
2.3192E-5	-0.461045	
2.32E-5	-0.452521	
2.3208E-5	-0.428669	
2.3216E-5	-0.409665	
2.3224E-5	-0.411604	
2.3232E-5	-0.418	
2.324E-5	-0.415517	
2.3248E-5	-0.417361	
2.3256E-5	-0.419598	
2.3264E-5	-0.416276	
2.3272E-5	-0.425241	
2.328E-5	-0.438212	
2.3288E-5	-0.428586	
2.3296E-5	-0.400667	
2.3304E-5	-0.377695	
2.3312E-5	-0.377445	
2.332E-5	-0.397676	
2.3328E-5	-0.414735	
2.3336E-5	-0.409067	
2.3344E-5	-0.389159	
2.3352E-5	-0.371734	
2.336E-5	-0.348333	
2.3368E-5	-0.325006	
2.3376E-5	-0.331339	
2.3384E-5	-0.353292	
2.3392E-5	-0.352443	
2.34E-5	-0.331924	
2.3408E-5	-0.324657	
2.3416E-5	-0.335118	
2.3424E-5	-0.347891	
2.3432E-5	-0.354506	
2.344E-5	-0.337153	
2.3448E-5	-0.302564	
2.3456E-5	-0.285027	
2.3464E-5	-0.297295	
2.3472E-5	-0.31715	
2.348E-5	-0.324381	
2.3488E-5	-0.333134	
2.3496E-5	-0.341126	
2.3504E-5	-0.334987	
2.3512E-5	-0.326066	
2.352E-5	-0.315042	
2.3528E-5	-0.304472	
2.3536E-5	-0.293834	
2.3544E-5	-0.279991	
2.3552E-5	-0.278861	
2.356E-5	-0.279862	
2.3568E-5	-0.262497	
2.3576E-5	-0.240324	
2.3584E-5	-0.222871	
2.3592E-5	-0.205819	
2.36E-5	-0.198716	
2.3608E-5	-0.197748	
2.3616E-5	-0.189444	
2.3624E-5	-0.185033	
2.3632E-5	-0.18716	
2.364E-5	-0.183886	
2.3648E-5	-0.182795	
2.3656E-5	-0.19733	
2.3664E-5	-0.229185	
2.3672E-5	-0.254288	
2.368E-5	-0.242581	
2.3688E-5	-0.203464	
2.3696E-5	-0.171737	
2.3704E-5	-0.170639	
2.3712E-5	-0.199283	
2.372E-5	-0.241016	
2.3728E-5	-0.279485	
2.3736E-5	-0.293168	
2.3744E-5	-0.274292	
2.3752E-5	-0.243165	
2.376E-5	-0.20662	
2.3768E-5	-0.174665	
2.3776E-5	-0.167299	
2.3784E-5	-0.17732	
2.3792E-5	-0.187055	
2.38E-5	-0.191929	
2.3808E-5	-0.191199	
2.3816E-5	-0.172476	
2.3824E-5	-0.131855	
2.3832E-5	-0.0872871	
2.384E-5	-0.0614237	
2.3848E-5	-0.0643295	
2.3856E-5	-0.0856735	
2.3864E-5	-0.0987816	
2.3872E-5	-0.0861725	
2.388E-5	-0.0702593	
2.3888E-5	-0.0823894	
2.3896E-5	-0.107	
2.3904E-5	-0.118221	
2.3912E-5	-0.119036	
2.392E-5	-0.115087	
2.3928E-5	-0.119227	
2.3936E-5	-0.136785	
2.3944E-5	-0.148572	
2.3952E-5	-0.13743	
2.396E-5	-0.103661	
2.3968E-5	-0.0618101	
2.3976E-5	-0.0246316	
2.3984E-5	0.00836349	
2.3992E-5	0.0258172	
2.4E-5	0.00830913	
2.4008E-5	-0.0270345	
2.4016E-5	-0.0433084	
2.4024E-5	-0.0354888	
2.4032E-5	-0.0322822	
2.404E-5	-0.0350018	
2.4048E-5	-0.0228205	
2.4056E-5	-0.00700068	
2.4064E-5	0.00846076	
2.4072E-5	0.0272585	
2.408E-5	0.0347949	
2.4088E-5	0.0371777	
2.4096E-5	0.044476	
2.4104E-5	0.0475876	
2.4112E-5	0.0421711	
2.412E-5	0.0361899	
2.4128E-5	0.0417333	
2.4136E-5	0.0613557	
2.4144E-5	0.090319	
2.4152E-5	0.116546	
2.416E-5	0.117124	
2.4168E-5	0.0884508	
2.4176E-5	0.0498827	
2.4184E-5	0.0215998	
2.4192E-5	0.0112736	
2.42E-5	0.0166299	
2.4208E-5	0.0352494	
2.4216E-5	0.0606147	
2.4224E-5	0.0904371	
2.4232E-5	0.114527	
2.424E-5	0.126379	
2.4248E-5	0.13307	
2.4256E-5	0.129353	
2.4264E-5	0.112372	
2.4272E-5	0.0956695	
2.428E-5	0.0972701	
2.4288E-5	0.111735	
2.4296E-5	0.118006	
2.4304E-5	0.116038	
2.4312E-5	0.11514	
2.432E-5	0.112782	
2.4328E-5	0.100069	
2.4336E-5	0.0888286	
2.4344E-5	0.102371	
2.4352E-5	0.136844	
2.436E-5	0.171432	
2.4368E-5	0.187085	
2.4376E-5	0.174562	
2.4384E-5	0.13998	
2.4392E-5	0.0999962	
2.44E-5	0.0823257	
2.4408E-5	0.105204	
2.4416E-5	0.152346	
2.4424E-5	0.195057	
2.4432E-5	0.228467	
2.444E-5	0.264831	
2.4448E-5	0.304041	
2.4456E-5	0.337941	
2.4464E-5	0.358401	
2.4472E-5	0.360777	
2.448E-5	0.350503	
2.4488E-5	0.331472	
2.4496E-5	0.313958	
2.4504E-5	0.302019	
2.4512E-5	0.280712	
2.452E-5	0.256858	
2.4528E-5	0.247722	
2.4536E-5	0.251304	
2.4544E-5	0.260134	
2.4552E-5	0.272274	
2.456E-5	0.293067	
2.4568E-5	0.310295	
2.4576E-5	0.30864	
2.4584E-5	0.307496	
2.4592E-5	0.319369	
2.46E-5	0.324396	
2.4608E-5	0.305821	
2.4616E-5	0.27844	
2.4624E-5	0.271268	
2.4632E-5	0.279732	
2.464E-5	0.285062	
2.4648E-5	0.287793	
2.4656E-5	0.285292	
2.4664E-5	0.279122	
2.4672E-5	0.275633	
2.468E-5	0.271674	
2.4688E-5	0.280873	
2.4696E-5	0.316845	
2.4704E-5	0.3581	
2.4712E-5	0.370512	
2.472E-5	0.355031	
2.4728E-5	0.346527	
2.4736E-5	0.352245	
2.4744E-5	0.356529	
2.4752E-5	0.359798	
2.476E-5	0.368554	
2.4768E-5	0.381534	
2.4776E-5	0.386635	
2.4784E-5	0.383117	
2.4792E-5	0.378119	
2.48E-5	0.368381	
2.4808E-5	0.35686	
2.4816E-5	0.355918	
2.4824E-5	0.371393	
2.4832E-5	0.397824	
2.484E-5	0.425017	
2.4848E-5	0.447276	
2.4856E-5	0.462683	
2.4864E-5	0.471806	
2.4872E-5	0.469433	
2.488E-5	0.454795	
2.4888E-5	0.438641	
2.4896E-5	0.417397	
2.4904E-5	0.390361	
2.4912E-5	0.378004	
2.492E-5	0.390294	
2.4928E-5	0.416582	
2.4936E-5	0.445046	
2.4944E-5	0.457871	
2.4952E-5	0.45238	
2.496E-5	0.456092	
2.4968E-5	0.475639	
2.4976E-5	0.485954	
2.4984E-5	0.466076	
2.4992E-5	0.420321	
2.5E-5	0.370968	
2.5008E-5	0.339071	
2.5016E-5	0.336451	
2.5024E-5	0.353577	
2.5032E-5	0.373306	
2.504E-5	0.399121	
2.5048E-5	0.436366	
2.5056E-5	0.464823	
2.5064E-5	0.468278	
2.5072E-5	0.458386	
2.508E-5	0.441945	
2.5088E-5	0.431365	
2.5096E-5	0.439061	
2.5104E-5	0.452753	
2.5112E-5	0.475038	
2.512E-5	0.506328	
2.5128E-5	0.532682	
2.5136E-5	0.547513	
2.5144E-5	0.551416	
2.5152E-5	0.553524	
2.516E-5	0.5445	
2.5168E-5	0.52507	
2.5176E-5	0.519638	
2.5184E-5	0.532385	
2.5192E-5	0.547531	
2.52E-5	0.541212	
2.5208E-5	0.507537	
2.5216E-5	0.478142	
2.5224E-5	0.483667	
2.5232E-5	0.50719	
2.524E-5	0.518997	
2.5248E-5	0.524952	
2.5256E-5	0.538027	
2.5264E-5	0.548845	
2.5272E-5	0.540916	
2.528E-5	0.522383	
2.5288E-5	0.512151	
2.5296E-5	0.516034	
2.5304E-5	0.543625	
2.5312E-5	0.58415	
2.532E-5	0.603305	
2.5328E-5	0.587105	
2.5336E-5	0.561529	
2.5344E-5	0.555136	
2.5352E-5	0.552281	
2.536E-5	0.536291	
2.5368E-5	0.516034	
2.5376E-5	0.509637	
2.5384E-5	0.534172	
2.5392E-5	0.577344	
2.54E-5	0.611779	
2.5408E-5	0.631269	
2.5416E-5	0.638621	
2.5424E-5	0.622335	
2.5432E-5	0.585225	
2.544E-5	0.561566	
2.5448E-5	0.560031	
2.5456E-5	0.553702	
2.5464E-5	0.541123	
2.5472E-5	0.538934	
2.548E-5	0.549759	
2.5488E-5	0.573435	
2.5496E-5	0.595806	
2.5504E-5	0.6062	
2.5512E-5	0.61794	
2.552E-5	0.634818	
2.5528E-5	0.641142	
2.5536E-5	0.624155	
2.5544E-5	0.595401	
2.5552E-5	0.569116	
2.556E-5	0.558642	
2.5568E-5	0.570332	
2.5576E-5	0.589974	
2.5584E-5	0.602417	
2.5592E-5	0.597898	
2.56E-5	0.588451	
2.5608E-5	0.594579	
2.5616E-5	0.60712	
2.5624E-5	0.607735	
2.5632E-5	0.596407	
2.564E-5	0.578126	
2.5648E-5	0.564385	
2.5656E-5	0.564194	
2.5664E-5	0.572207	
2.5672E-5	0.587346	
2.568E-5	0.609044	
2.5688E-5	0.632132	
2.5696E-5	0.650079	
2.5704E-5	0.643567	
2.5712E-5	0.618113	
2.572E-5	0.599133	
2.5728E-5	0.592964	
2.5736E-5	0.595942	
2.5744E-5	0.596502	
2.5752E-5	0.597035	
2.576E-5	0.605484	
2.5768E-5	0.611107	
2.5776E-5	0.610457	
2.5784E-5	0.604997	
2.5792E-5	0.593167	
2.58E-5	0.580182	
2.5808E-5	0.565132	
2.5816E-5	0.549019	
2.5824E-5	0.535436	
2.5832E-5	0.527957	
2.584E-5	0.538142	
2.5848E-5	0.560811	
2.5856E-5	0.582496	
2.5864E-5	0.601052	
2.5872E-5	0.608554	
2.588E-5	0.609157	
2.5888E-5	0.608711	
2.5896E-5	0.600884	
2.5904E-5	0.600499	
2.5912E-5	0.613697	
2.592E-5	0.614402	
2.5928E-5	0.597846	
2.5936E-5	0.584527	
2.5944E-5	0.577622	
2.5952E-5	0.567977	
2.596E-5	0.552224	
2.5968E-5	0.545273	
2.5976E-5	0.568047	
2.5984E-5	0.601548	
2.5992E-5	0.620276	
2.6E-5	0.637301	
2.6008E-5	0.648227	
2.6016E-5	0.644265	
2.6024E-5	0.648337	
2.6032E-5	0.659878	
2.604E-5	0.661211	
2.6048E-5	0.649219	
2.6056E-5	0.623331	
2.6064E-5	0.599017	
2.6072E-5	0.59686	
2.608E-5	0.611804	
2.6088E-5	0.629025	
2.6096E-5	0.636245	
2.6104E-5	0.62327	
2.6112E-5	0.605988	
2.612E-5	0.606691	
2.6128E-5	0.615496	
2.6136E-5	0.618339	
2.6144E-5	0.612715	
2.6152E-5	0.59948	
2.616E-5	0.592037	
2.6168E-5	0.60213	
2.6176E-5	0.620601	
2.6184E-5	0.621393	
2.6192E-5	0.602586	
2.62E-5	0.592775	
2.6208E-5	0.606825	
2.6216E-5	0.639159	
2.6224E-5	0.675413	
2.6232E-5	0.695649	
2.624E-5	0.696581	
2.6248E-5	0.689505	
2.6256E-5	0.678228	
2.6264E-5	0.664927	
2.6272E-5	0.651721	
2.628E-5	0.64874	
2.6288E-5	0.646289	
2.6296E-5	0.632299	
2.6304E-5	0.630574	
2.6312E-5	0.639188	
2.632E-5	0.637138	
2.6328E-5	0.628473	
2.6336E-5	0.610373	
2.6344E-5	0.574806	
2.6352E-5	0.53294	
2.636E-5	0.508467	
2.6368E-5	0.516009	
2.6376E-5	0.544779	
2.6384E-5	0.571114	
2.6392E-5	0.572756	
2.64E-5	0.555837	
2.6408E-5	0.551709	
2.6416E-5	0.566402	
2.6424E-5	0.57182	
2.6432E-5	0.563508	
2.644E-5	0.55642	
2.6448E-5	0.543346	
2.6456E-5	0.523542	
2.6464E-5	0.5026	
2.6472E-5	0.487375	
2.648E-5	0.493212	
2.6488E-5	0.5191	
2.6496E-5	0.544925	
2.6504E-5	0.564311	
2.6512E-5	0.582294	
2.652E-5	0.589821	
2.6528E-5	0.575042	
2.6536E-5	0.546669	
2.6544E-5	0.532305	
2.6552E-5	0.529634	
2.656E-5	0.514554	
2.6568E-5	0.497948	
2.6576E-5	0.502922	
2.6584E-5	0.522478	
2.6592E-5	0.532774	
2.66E-5	0.534144	
2.6608E-5	0.532959	
2.6616E-5	0.521439	
2.6624E-5	0.508501	
2.6632E-5	0.511384	
2.664E-5	0.518283	
2.6648E-5	0.509313	
2.6656E-5	0.494556	
2.6664E-5	0.483772	
2.6672E-5	0.475695	
2.668E-5	0.473589	
2.6688E-5	0.481185	
2.6696E-5	0.489797	
2.6704E-5	0.484958	
2.6712E-5	0.465308	
2.672E-5	0.438081	
2.6728E-5	0.425009	
2.6736E-5	0.431741	
2.6744E-5	0.4315	
2.6752E-5	0.425869	
2.676E-5	0.427232	
2.6768E-5	0.430836	
2.6776E-5	0.439911	
2.6784E-5	0.447722	
2.6792E-5	0.445771	
2.68E-5	0.444372	
2.6808E-5	0.458618	
2.6816E-5	0.469707	
2.6824E-5	0.454346	
2.6832E-5	0.43182	
2.684E-5	0.418791	
2.6848E-5	0.409692	
2.6856E-5	0.400595	
2.6864E-5	0.393166	
2.6872E-5	0.381382	
2.688E-5	0.361427	
2.6888E-5	0.349289	
2.6896E-5	0.357747	
2.6904E-5	0.383546	
2.6912E-5	0.406576	
2.692E-5	0.415274	
2.6928E-5	0.424292	
2.6936E-5	0.441046	
2.6944E-5	0.46488	
2.6952E-5	0.476368	
2.696E-5	0.456638	
2.6968E-5	0.42769	
2.6976E-5	0.413893	
2.6984E-5	0.416546	
2.6992E-5	0.417259	
2.7E-5	0.406929	
2.7008E-5	0.398775	
2.7016E-5	0.384189	
2.7024E-5	0.348719	
2.7032E-5	0.307124	
2.704E-5	0.285774	
2.7048E-5	0.291239	
2.7056E-5	0.310863	
2.7064E-5	0.340087	
2.7072E-5	0.374061	
2.708E-5	0.390891	
2.7088E-5	0.384481	
2.7096E-5	0.380864	
2.7104E-5	0.385513	
2.7112E-5	0.381064	
2.712E-5	0.365334	
2.7128E-5	0.350756	
2.7136E-5	0.347532	
2.7144E-5	0.35693	
2.7152E-5	0.362576	
2.716E-5	0.341834	
2.7168E-5	0.311151	
2.7176E-5	0.297844	
2.7184E-5	0.287744	
2.7192E-5	0.268972	
2.72E-5	0.250113	
2.7208E-5	0.225462	
2.7216E-5	0.19385	
2.7224E-5	0.168239	
2.7232E-5	0.168521	
2.724E-5	0.195048	
2.7248E-5	0.220271	
2.7256E-5	0.239753	
2.7264E-5	0.252506	
2.7272E-5	0.246099	
2.728E-5	0.226388	
2.7288E-5	0.205339	
2.7296E-5	0.198518	
2.7304E-5	0.212218	
2.7312E-5	0.238859	
2.732E-5	0.269818	
2.7328E-5	0.29178	
2.7336E-5	0.301938	
2.7344E-5	0.308791	
2.7352E-5	0.311835	
2.736E-5	0.307377	
2.7368E-5	0.291127	
2.7376E-5	0.266903	
2.7384E-5	0.243208	
2.7392E-5	0.219631	
2.74E-5	0.204616	
2.7408E-5	0.204838	
2.7416E-5	0.222184	
2.7424E-5	0.251435	
2.7432E-5	0.272149	
2.744E-5	0.264795	
2.7448E-5	0.235608	
2.7456E-5	0.212253	
2.7464E-5	0.20799	
2.7472E-5	0.220337	
2.748E-5	0.237716	
2.7488E-5	0.240366	
2.7496E-5	0.226255	
2.7504E-5	0.213471	
2.7512E-5	0.201677	
2.752E-5	0.184111	
2.7528E-5	0.164079	
2.7536E-5	0.148028	
2.7544E-5	0.14414	
2.7552E-5	0.151201	
2.756E-5	0.156513	
2.7568E-5	0.153057	
2.7576E-5	0.156071	
2.7584E-5	0.158008	
2.7592E-5	0.145469	
2.76E-5	0.134589	
2.7608E-5	0.122002	
2.7616E-5	0.101896	
2.7624E-5	0.0864524	
2.7632E-5	0.0778637	
2.764E-5	0.0654736	
2.7648E-5	0.0521482	
2.7656E-5	0.0508008	
2.7664E-5	0.0569571	
2.7672E-5	0.0674874	
2.768E-5	0.0766027	
2.7688E-5	0.0764955	
2.7696E-5	0.0718389	
2.7704E-5	0.0604599	
2.7712E-5	0.0342746	
2.772E-5	0.00857341	
2.7728E-5	-0.00252032	
2.7736E-5	-0.0150062	
2.7744E-5	-0.031013	
2.7752E-5	-0.0325185	
2.776E-5	-0.0121888	
2.7768E-5	0.0155925	
2.7776E-5	0.0319719	
2.7784E-5	0.0258765	
2.7792E-5	-0.00401258	
2.78E-5	-0.0387965	
2.7808E-5	-0.0587522	
2.7816E-5	-0.0580593	
2.7824E-5	-0.0392901	
2.7832E-5	-0.0198435	
2.784E-5	-0.0123336	
2.7848E-5	-0.0117259	
2.7856E-5	-0.0164764	
2.7864E-5	-0.0313116	
2.7872E-5	-0.0474157	
2.788E-5	-0.0558167	
2.7888E-5	-0.0739532	
2.7896E-5	-0.0947272	
2.7904E-5	-0.0897074	
2.7912E-5	-0.0793899	
2.792E-5	-0.0952854	
2.7928E-5	-0.123304	
2.7936E-5	-0.146553	
2.7944E-5	-0.168487	
2.7952E-5	-0.179459	
2.796E-5	-0.175514	
2.7968E-5	-0.173592	
2.7976E-5	-0.17548	
2.7984E-5	-0.176627	
2.7992E-5	-0.188952	
2.8E-5	-0.207191	
2.8008E-5	-0.213721	
2.8016E-5	-0.213113	
2.8024E-5	-0.208735	
2.8032E-5	-0.205377	
2.804E-5	-0.204618	
2.8048E-5	-0.186967	
2.8056E-5	-0.162904	
2.8064E-5	-0.149425	
2.8072E-5	-0.141629	
2.808E-5	-0.153395	
2.8088E-5	-0.183851	
2.8096E-5	-0.209842	
2.8104E-5	-0.220054	
2.8112E-5	-0.208049	
2.812E-5	-0.178679	
2.8128E-5	-0.154208	
2.8136E-5	-0.154339	
2.8144E-5	-0.167415	
2.8152E-5	-0.17832	
2.816E-5	-0.202224	
2.8168E-5	-0.239588	
2.8176E-5	-0.268509	
2.8184E-5	-0.283804	
2.8192E-5	-0.286589	
2.82E-5	-0.268162	
2.8208E-5	-0.241827	
2.8216E-5	-0.235973	
2.8224E-5	-0.24129	
2.8232E-5	-0.243799	
2.824E-5	-0.263509	
2.8248E-5	-0.30047	
2.8256E-5	-0.328637	
2.8264E-5	-0.33176	
2.8272E-5	-0.322573	
2.828E-5	-0.321374	
2.8288E-5	-0.327138	
2.8296E-5	-0.329191	
2.8304E-5	-0.322121	
2.8312E-5	-0.310562	
2.832E-5	-0.295784	
2.8328E-5	-0.285659	
2.8336E-5	-0.288355	
2.8344E-5	-0.295402	
2.8352E-5	-0.301761	
2.836E-5	-0.311116	
2.8368E-5	-0.310285	
2.8376E-5	-0.295233	
2.8384E-5	-0.280467	
2.8392E-5	-0.260998	
2.84E-5	-0.234008	
2.8408E-5	-0.217186	
2.8416E-5	-0.226907	
2.8424E-5	-0.256305	
2.8432E-5	-0.294131	
2.844E-5	-0.341867	
2.8448E-5	-0.389628	
2.8456E-5	-0.413876	
2.8464E-5	-0.407402	
2.8472E-5	-0.387635	
2.848E-5	-0.364832	
2.8488E-5	-0.339755	
2.8496E-5	-0.32782	
2.8504E-5	-0.331962	
2.8512E-5	-0.331394	
2.852E-5	-0.327818	
2.8528E-5	-0.332314	
2.8536E-5	-0.341413	
2.8544E-5	-0.350953	
2.8552E-5	-0.365502	
2.856E-5	-0.384715	
2.8568E-5	-0.392493	
2.8576E-5	-0.394258	
2.8584E-5	-0.396322	
2.8592E-5	-0.39173	
2.86E-5	-0.380851	
2.8608E-5	-0.360701	
2.8616E-5	-0.347876	
2.8624E-5	-0.3606	
2.8632E-5	-0.377997	
2.864E-5	-0.388957	
2.8648E-5	-0.402203	
2.8656E-5	-0.407579	
2.8664E-5	-0.410719	
2.8672E-5	-0.420538	
2.868E-5	-0.421261	
2.8688E-5	-0.422516	
2.8696E-5	-0.444115	
2.8704E-5	-0.468969	
2.8712E-5	-0.48508	
2.872E-5	-0.50476	
2.8728E-5	-0.515886	
2.8736E-5	-0.511587	
2.8744E-5	-0.507121	
2.8752E-5	-0.502832	
2.876E-5	-0.495407	
2.8768E-5	-0.47762	
2.8776E-5	-0.452042	
2.8784E-5	-0.442785	
2.8792E-5	-0.46403	
2.88E-5	-0.499358	
2.8808E-5	-0.524776	
2.8816E-5	-0.535713	
2.8824E-5	-0.540232	
2.8832E-5	-0.546733	
2.884E-5	-0.551624	
2.8848E-5	-0.551965	
2.8856E-5	-0.553118	
2.8864E-5	-0.545189	
2.8872E-5	-0.527373	
2.888E-5	-0.51142	
2.8888E-5	-0.494468	
2.8896E-5	-0.486827	
2.8904E-5	-0.501772	
2.8912E-5	-0.524484	
2.892E-5	-0.53523	
2.8928E-5	-0.535674	
2.8936E-5	-0.533225	
2.8944E-5	-0.523147	
2.8952E-5	-0.519355	
2.896E-5	-0.534422	
2.8968E-5	-0.545645	
2.8976E-5	-0.535631	
2.8984E-5	-0.523599	
2.8992E-5	-0.525012	
2.9E-5	-0.526641	
2.9008E-5	-0.531994	
2.9016E-5	-0.555278	
2.9024E-5	-0.591102	
2.9032E-5	-0.629526	
2.904E-5	-0.660801	
2.9048E-5	-0.672773	
2.9056E-5	-0.664027	
2.9064E-5	-0.648514	
2.9072E-5	-0.631219	
2.908E-5	-0.602248	
2.9088E-5	-0.57273	
2.9096E-5	-0.559413	
2.9104E-5	-0.554513	
2.9112E-5	-0.559585	
2.912E-5	-0.570351	
2.9128E-5	-0.570432	
2.9136E-5	-0.560178	
2.9144E-5	-0.53728	
2.9152E-5	-0.517068	
2.916E-5	-0.515049	
2.9168E-5	-0.511876	
2.9176E-5	-0.508743	
2.9184E-5	-0.525684	
2.9192E-5	-0.561776	
2.92E-5	-0.60575	
2.9208E-5	-0.633847	
2.9216E-5	-0.62776	
2.9224E-5	-0.610156	
2.9232E-5	-0.611465	
2.924E-5	-0.624973	
2.9248E-5	-0.627101	
2.9256E-5	-0.620205	
2.9264E-5	-0.619962	
2.9272E-5	-0.614554	
2.928E-5	-0.598176	
2.9288E-5	-0.592065	
2.9296E-5	-0.601569	
2.9304E-5	-0.623377	
2.9312E-5	-0.647047	
2.932E-5	-0.652342	
2.9328E-5	-0.650211	
2.9336E-5	-0.658842	
2.9344E-5	-0.664388	
2.9352E-5	-0.648406	
2.936E-5	-0.62157	
2.9368E-5	-0.603728	
2.9376E-5	-0.593917	
2.9384E-5	-0.582943	
2.9392E-5	-0.572857	
2.94E-5	-0.581593	
2.9408E-5	-0.606577	
2.9416E-5	-0.629693	
2.9424E-5	-0.647731	
2.9432E-5	-0.650523	
2.944E-5	-0.635504	
2.9448E-5	-0.621402	
2.9456E-5	-0.622645	
2.9464E-5	-0.641166	
2.9472E-5	-0.669574	
2.948E-5	-0.687108	
2.9488E-5	-0.686524	
2.9496E-5	-0.67811	
2.9504E-5	-0.659252	
2.9512E-5	-0.629827	
2.952E-5	-0.607329	
2.9528E-5	-0.610799	
2.9536E-5	-0.638775	
2.9544E-5	-0.670632	
2.9552E-5	-0.681029	
2.956E-5	-0.660308	
2.9568E-5	-0.627548	
2.9576E-5	-0.601129	
2.9584E-5	-0.581087	
2.9592E-5	-0.576507	
2.96E-5	-0.597478	
2.9608E-5	-0.619026	
2.9616E-5	-0.618163	
2.9624E-5	-0.617073	
2.9632E-5	-0.635519	
2.964E-5	-0.653743	
2.9648E-5	-0.660514	
2.9656E-5	-0.670212	
2.9664E-5	-0.68676	
2.9672E-5	-0.701283	
2.968E-5	-0.697393	
2.9688E-5	-0.670307	
2.9696E-5	-0.640856	
2.9704E-5	-0.627842	
2.9712E-5	-0.633831	
2.972E-5	-0.637971	
2.9728E-5	-0.628322	
2.9736E-5	-0.617618	
2.9744E-5	-0.609638	
2.9752E-5	-0.609905	
2.976E-5	-0.611888	
2.9768E-5	-0.605182	
2.9776E-5	-0.602467	
2.9784E-5	-0.613083	
2.9792E-5	-0.640685	
2.98E-5	-0.674432	
2.9808E-5	-0.700134	
2.9816E-5	-0.72057	
2.9824E-5	-0.734939	
2.9832E-5	-0.742493	
2.984E-5	-0.744366	
2.9848E-5	-0.727103	
2.9856E-5	-0.689879	
2.9864E-5	-0.658489	
2.9872E-5	-0.648383	
2.988E-5	-0.658456	
2.9888E-5	-0.667921	
2.9896E-5	-0.655307	
2.9904E-5	-0.638316	
2.9912E-5	-0.637387	
2.992E-5	-0.638984	
2.9928E-5	-0.634793	
2.9936E-5	-0.635694	
2.9944E-5	-0.636238	
2.9952E-5	-0.622582	
2.996E-5	-0.593723	
2.9968E-5	-0.571674	
2.9976E-5	-0.578271	
2.9984E-5	-0.599247	
2.9992E-5	-0.613755	
3E-5	-0.618181	
3.0008E-5	-0.608665	
3.0016E-5	-0.583023	
3.0024E-5	-0.551389	
3.0032E-5	-0.532276	
3.004E-5	-0.529479	
3.0048E-5	-0.522037	
3.0056E-5	-0.508974	
3.0064E-5	-0.503653	
3.0072E-5	-0.512679	
3.008E-5	-0.542323	
3.0088E-5	-0.580812	
3.0096E-5	-0.603811	
3.0104E-5	-0.607033	
3.0112E-5	-0.611016	
3.012E-5	-0.617694	
3.0128E-5	-0.607395	
3.0136E-5	-0.577208	
3.0144E-5	-0.551537	
3.0152E-5	-0.549193	
3.016E-5	-0.561254	
3.0168E-5	-0.573183	
3.0176E-5	-0.586485	
3.0184E-5	-0.607856	
3.0192E-5	-0.623132	
3.02E-5	-0.624283	
3.0208E-5	-0.622501	
3.0216E-5	-0.610181	
3.0224E-5	-0.576206	
3.0232E-5	-0.531867	
3.024E-5	-0.491481	
3.0248E-5	-0.459338	
3.0256E-5	-0.444	
3.0264E-5	-0.448156	
3.0272E-5	-0.453404	
3.028E-5	-0.456806	
3.0288E-5	-0.476579	
3.0296E-5	-0.515188	
3.0304E-5	-0.543964	
3.0312E-5	-0.541199	
3.032E-5	-0.526847	
3.0328E-5	-0.520309	
3.0336E-5	-0.512488	
3.0344E-5	-0.503309	
3.0352E-5	-0.496926	
3.036E-5	-0.478881	
3.0368E-5	-0.45547	
3.0376E-5	-0.451941	
3.0384E-5	-0.473127	
3.0392E-5	-0.509181	
3.04E-5	-0.542164	
3.0408E-5	-0.548371	
3.0416E-5	-0.532315	
3.0424E-5	-0.511252	
3.0432E-5	-0.493635	
3.044E-5	-0.49048	
3.0448E-5	-0.494081	
3.0456E-5	-0.490783	
3.0464E-5	-0.47678	
3.0472E-5	-0.462865	
3.048E-5	-0.47025	
3.0488E-5	-0.497784	
3.0496E-5	-0.529034	
3.0504E-5	-0.554701	
3.0512E-5	-0.55891	
3.052E-5	-0.538493	
3.0528E-5	-0.511728	
3.0536E-5	-0.474308	
3.0544E-5	-0.425487	
3.0552E-5	-0.391124	
3.056E-5	-0.390528	
3.0568E-5	-0.419526	
3.0576E-5	-0.46041	
3.0584E-5	-0.487231	
3.0592E-5	-0.477671	
3.06E-5	-0.447943	
3.0608E-5	-0.430591	
3.0616E-5	-0.431461	
3.0624E-5	-0.434891	
3.0632E-5	-0.420615	
3.064E-5	-0.39025	
3.0648E-5	-0.367499	
3.0656E-5	-0.355331	
3.0664E-5	-0.3482	
3.0672E-5	-0.345308	
3.068E-5	-0.338098	
3.0688E-5	-0.326929	
3.0696E-5	-0.310635	
3.0704E-5	-0.288676	
3.0712E-5	-0.269632	
3.072E-5	-0.264441	
3.0728E-5	-0.284927	
3.0736E-5	-0.325196	
3.0744E-5	-0.355409	
3.0752E-5	-0.352084	
3.076E-5	-0.327928	
3.0768E-5	-0.306619	
3.0776E-5	-0.292605	
3.0784E-5	-0.286018	
3.0792E-5	-0.297135	
3.08E-5	-0.331357	
3.0808E-5	-0.367701	
3.0816E-5	-0.387428	
3.0824E-5	-0.402049	
3.0832E-5	-0.407619	
3.084E-5	-0.383774	
3.0848E-5	-0.33685	
3.0856E-5	-0.288155	
3.0864E-5	-0.258445	
3.0872E-5	-0.249081	
3.088E-5	-0.236246	
3.0888E-5	-0.221701	
3.0896E-5	-0.232715	
3.0904E-5	-0.267691	
3.0912E-5	-0.303857	
3.092E-5	-0.32242	
3.0928E-5	-0.318309	
3.0936E-5	-0.313612	
3.0944E-5	-0.326102	
3.0952E-5	-0.333444	
3.096E-5	-0.30852	
3.0968E-5	-0.258946	
3.0976E-5	-0.203662	
3.0984E-5	-0.152415	
3.0992E-5	-0.119532	
3.1E-5	-0.119033	
3.1008E-5	-0.142841	
3.1016E-5	-0.175762	
3.1024E-5	-0.207476	
3.1032E-5	-0.226947	
3.104E-5	-0.231002	
3.1048E-5	-0.215978	
3.1056E-5	-0.194336	
3.1064E-5	-0.183035	
3.1072E-5	-0.1729	
3.108E-5	-0.159536	
3.1088E-5	-0.143495	
3.1096E-5	-0.129691	
3.1104E-5	-0.127734	
3.1112E-5	-0.133819	
3.112E-5	-0.144235	
3.1128E-5	-0.165742	
3.1136E-5	-0.199397	
3.1144E-5	-0.235316	
3.1152E-5	-0.256001	
3.116E-5	-0.250204	
3.1168E-5	-0.231413	
3.1176E-5	-0.20919	
3.1184E-5	-0.184187	
3.1192E-5	-0.161207	
3.12E-5	-0.133195	
3.1208E-5	-0.0919842	
3.1216E-5	-0.0505898	
3.1224E-5	-0.0311641	
3.1232E-5	-0.0340679	
3.124E-5	-0.0392581	
3.1248E-5	-0.0374385	
3.1256E-5	-0.0403923	
3.1264E-5	-0.0589782	
3.1272E-5	-0.0801412	
3.128E-5	-0.0923115	
3.1288E-5	-0.109635	
3.1296E-5	-0.132746	
3.1304E-5	-0.146114	
3.1312E-5	-0.146248	
3.132E-5	-0.128063	
3.1328E-5	-0.104917	
3.1336E-5	-0.098251	
3.1344E-5	-0.104184	
3.1352E-5	-0.117616	
3.136E-5	-0.119862	
3.1368E-5	-0.0909247	
3.1376E-5	-0.0444343	
3.1384E-5	-0.00994384	
3.1392E-5	0.000305057	
3.14E-5	0.00895095	
3.1408E-5	0.0215219	
3.1416E-5	0.0151166	
3.1424E-5	-0.00535643	
3.1432E-5	-0.0245618	
3.144E-5	-0.0447274	
3.1448E-5	-0.0578463	
3.1456E-5	-0.0531884	
3.1464E-5	-0.0371038	
3.1472E-5	-0.00894964	
3.148E-5	0.0346783	
3.1488E-5	0.0691023	
3.1496E-5	0.0680248	
3.1504E-5	0.0405967	
3.1512E-5	0.0130861	
3.152E-5	0.00180376	
3.1528E-5	-0.00512183	
3.1536E-5	-0.0174558	
3.1544E-5	-0.0170391	
3.1552E-5	0.0085851	
3.156E-5	0.0467515	
3.1568E-5	0.0786014	
3.1576E-5	0.104694	
3.1584E-5	0.12626	
3.1592E-5	0.135136	
3.16E-5	0.133133	
3.1608E-5	0.129708	
3.1616E-5	0.127081	
3.1624E-5	0.120575	
3.1632E-5	0.119973	
3.164E-5	0.12106	
3.1648E-5	0.102051	
3.1656E-5	0.0745156	
3.1664E-5	0.0601089	
3.1672E-5	0.0666831	
3.168E-5	0.0862459	
3.1688E-5	0.0940881	
3.1696E-5	0.0996865	
3.1704E-5	0.130564	
3.1712E-5	0.166867	
3.172E-5	0.171826	
3.1728E-5	0.155637	
3.1736E-5	0.154809	
3.1744E-5	0.171179	
3.1752E-5	0.175454	
3.176E-5	0.158453	
3.1768E-5	0.144341	
3.1776E-5	0.150252	
3.1784E-5	0.168374	
3.1792E-5	0.188036	
3.18E-5	0.211164	
3.1808E-5	0.244234	
3.1816E-5	0.279256	
3.1824E-5	0.2969	
3.1832E-5	0.285164	
3.184E-5	0.252429	
3.1848E-5	0.215583	
3.1856E-5	0.179691	
3.1864E-5	0.148486	
3.1872E-5	0.141465	
3.188E-5	0.157842	
3.1888E-5	0.166489	
3.1896E-5	0.160304	
3.1904E-5	0.161687	
3.1912E-5	0.19008	
3.192E-5	0.22824	
3.1928E-5	0.251094	
3.1936E-5	0.255402	
3.1944E-5	0.237358	
3.1952E-5	0.215376	
3.196E-5	0.221939	
3.1968E-5	0.252663	
3.1976E-5	0.276468	
3.1984E-5	0.27566	
3.1992E-5	0.259997	
3.2E-5	0.258077	
3.2008E-5	0.279467	
3.2016E-5	0.301112	
3.2024E-5	0.311006	
3.2032E-5	0.310059	
3.204E-5	0.287249	
3.2048E-5	0.258639	
3.2056E-5	0.259546	
3.2064E-5	0.2797	
3.2072E-5	0.290112	
3.208E-5	0.298723	
3.2088E-5	0.320023	
3.2096E-5	0.346547	
3.2104E-5	0.359491	
3.2112E-5	0.345299	
3.212E-5	0.328628	
3.2128E-5	0.341377	
3.2136E-5	0.377314	
3.2144E-5	0.408458	
3.2152E-5	0.412777	
3.216E-5	0.40224	
3.2168E-5	0.400553	
3.2176E-5	0.398805	
3.2184E-5	0.38682	
3.2192E-5	0.379937	
3.22E-5	0.375902	
3.2208E-5	0.364371	
3.2216E-5	0.355217	
3.2224E-5	0.348771	
3.2232E-5	0.345185	
3.224E-5	0.353786	
3.2248E-5	0.373948	
3.2256E-5	0.39775	
3.2264E-5	0.409016	
3.2272E-5	0.405031	
3.228E-5	0.405746	
3.2288E-5	0.423411	
3.2296E-5	0.450491	
3.2304E-5	0.476351	
3.2312E-5	0.489587	
3.232E-5	0.481487	
3.2328E-5	0.459936	
3.2336E-5	0.4258	
3.2344E-5	0.380867	
3.2352E-5	0.341354	
3.236E-5	0.31835	
3.2368E-5	0.314175	
3.2376E-5	0.327907	
3.2384E-5	0.347544	
3.2392E-5	0.353321	
3.24E-5	0.355631	
3.2408E-5	0.372795	
3.2416E-5	0.389117	
3.2424E-5	0.397559	
3.2432E-5	0.410512	
3.244E-5	0.418734	
3.2448E-5	0.408651	
3.2456E-5	0.394413	
3.2464E-5	0.392052	
3.2472E-5	0.40662	
3.248E-5	0.440677	
3.2488E-5	0.477157	
3.2496E-5	0.49619	
3.2504E-5	0.499427	
3.2512E-5	0.502749	
3.252E-5	0.508734	
3.2528E-5	0.512416	
3.2536E-5	0.515251	
3.2544E-5	0.505952	
3.2552E-5	0.486717	
3.256E-5	0.473608	
3.2568E-5	0.471365	
3.2576E-5	0.474457	
3.2584E-5	0.471555	
3.2592E-5	0.471244	
3.26E-5	0.486139	
3.2608E-5	0.509049	
3.2616E-5	0.525626	
3.2624E-5	0.533057	
3.2632E-5	0.532571	
3.264E-5	0.524322	
3.2648E-5	0.522775	
3.2656E-5	0.525545	
3.2664E-5	0.515232	
3.2672E-5	0.50403	
3.268E-5	0.517587	
3.2688E-5	0.547018	
3.2696E-5	0.571152	
3.2704E-5	0.586101	
3.2712E-5	0.590464	
3.272E-5	0.59328	
3.2728E-5	0.600592	
3.2736E-5	0.603328	
3.2744E-5	0.601125	
3.2752E-5	0.59442	
3.276E-5	0.577732	
3.2768E-5	0.555884	
3.2776E-5	0.530504	
3.2784E-5	0.503021	
3.2792E-5	0.489219	
3.28E-5	0.490814	
3.2808E-5	0.498192	
3.2816E-5	0.509155	
3.2824E-5	0.511075	
3.2832E-5	0.515093	
3.284E-5	0.54781	
3.2848E-5	0.592251	
3.2856E-5	0.619867	
3.2864E-5	0.629914	
3.2872E-5	0.636711	
3.288E-5	0.637672	
3.2888E-5	0.62958	
3.2896E-5	0.626322	
3.2904E-5	0.61504	
3.2912E-5	0.584708	
3.292E-5	0.561553	
3.2928E-5	0.553215	
3.2936E-5	0.545818	
3.2944E-5	0.549356	
3.2952E-5	0.574067	
3.296E-5	0.612836	
3.2968E-5	0.657803	
3.2976E-5	0.688592	
3.2984E-5	0.685915	
3.2992E-5	0.666921	
3.3E-5	0.651772	
3.3008E-5	0.63495	
3.3016E-5	0.615994	
3.3024E-5	0.606313	
3.3032E-5	0.607347	
3.304E-5	0.601517	
3.3048E-5	0.589614	
3.3056E-5	0.587966	
3.3064E-5	0.596638	
3.3072E-5	0.614756	
3.308E-5	0.643626	
3.3088E-5	0.678121	
3.3096E-5	0.708956	
3.3104E-5	0.718537	
3.3112E-5	0.70314	
3.312E-5	0.679727	
3.3128E-5	0.651679	
3.3136E-5	0.620568	
3.3144E-5	0.600729	
3.3152E-5	0.593721	
3.316E-5	0.58301	
3.3168E-5	0.575672	
3.3176E-5	0.579044	
3.3184E-5	0.585931	
3.3192E-5	0.594837	
3.32E-5	0.591563	
3.3208E-5	0.577822	
3.3216E-5	0.571619	
3.3224E-5	0.573297	
3.3232E-5	0.582065	
3.324E-5	0.595802	
3.3248E-5	0.606879	
3.3256E-5	0.617317	
3.3264E-5	0.621891	
3.3272E-5	0.615702	
3.328E-5	0.610622	
3.3288E-5	0.620549	
3.3296E-5	0.627558	
3.3304E-5	0.615998	
3.3312E-5	0.610645	
3.332E-5	0.624513	
3.3328E-5	0.648896	
3.3336E-5	0.668347	
3.3344E-5	0.668643	
3.3352E-5	0.663919	
3.336E-5	0.659423	
3.3368E-5	0.63235	
3.3376E-5	0.58466	
3.3384E-5	0.540759	
3.3392E-5	0.51309	
3.34E-5	0.507676	
3.3408E-5	0.531331	
3.3416E-5	0.562659	
3.3424E-5	0.580098	
3.3432E-5	0.591992	
3.344E-5	0.60321	
3.3448E-5	0.619473	
3.3456E-5	0.647508	
3.3464E-5	0.683689	
3.3472E-5	0.71065	
3.348E-5	0.715587	
3.3488E-5	0.711695	
3.3496E-5	0.710594	
3.3504E-5	0.712757	
3.3512E-5	0.71701	
3.352E-5	0.708487	
3.3528E-5	0.673961	
3.3536E-5	0.639346	
3.3544E-5	0.629237	
3.3552E-5	0.631684	
3.356E-5	0.632034	
3.3568E-5	0.632142	
3.3576E-5	0.641124	
3.3584E-5	0.644841	
3.3592E-5	0.624528	
3.36E-5	0.585944	
3.3608E-5	0.543504	
3.3616E-5	0.515003	
3.3624E-5	0.508671	
3.3632E-5	0.510125	
3.364E-5	0.510159	
3.3648E-5	0.52189	
3.3656E-5	0.557132	
3.3664E-5	0.606113	
3.3672E-5	0.653043	
3.368E-5	0.68829	
3.3688E-5	0.704151	
3.3696E-5	0.6987	
3.3704E-5	0.679961	
3.3712E-5	0.664816	
3.372E-5	0.661341	
3.3728E-5	0.659122	
3.3736E-5	0.648796	
3.3744E-5	0.632646	
3.3752E-5	0.617493	
3.376E-5	0.611749	
3.3768E-5	0.612471	
3.3776E-5	0.609765	
3.3784E-5	0.602248	
3.3792E-5	0.597001	
3.38E-5	0.603294	
3.3808E-5	0.613176	
3.3816E-5	0.606243	
3.3824E-5	0.583464	
3.3832E-5	0.55369	
3.384E-5	0.524717	
3.3848E-5	0.512628	
3.3856E-5	0.509075	
3.3864E-5	0.493938	
3.3872E-5	0.469357	
3.388E-5	0.446654	
3.3888E-5	0.433848	
3.3896E-5	0.431947	
3.3904E-5	0.440053	
3.3912E-5	0.453956	
3.392E-5	0.471307	
3.3928E-5	0.498731	
3.3936E-5	0.528546	
3.3944E-5	0.547559	
3.3952E-5	0.55066	
3.396E-5	0.546915	
3.3968E-5	0.555073	
3.3976E-5	0.563155	
3.3984E-5	0.547616	
3.3992E-5	0.511427	
3.4E-5	0.475804	
3.4008E-5	0.458003	
3.4016E-5	0.451929	
3.4024E-5	0.449305	
3.4032E-5	0.455089	
3.404E-5	0.462421	
3.4048E-5	0.452852	
3.4056E-5	0.428245	
3.4064E-5	0.412601	
3.4072E-5	0.423833	
3.408E-5	0.444948	
3.4088E-5	0.450902	
3.4096E-5	0.443884	
3.4104E-5	0.425802	
3.4112E-5	0.411962	
3.412E-5	0.431559	
3.4128E-5	0.474972	
3.4136E-5	0.505575	
3.4144E-5	0.50727	
3.4152E-5	0.491394	
3.416E-5	0.473683	
3.4168E-5	0.460495	
3.4176E-5	0.456304	
3.4184E-5	0.464995	
3.4192E-5	0.479899	
3.42E-5	0.484205	
3.4208E-5	0.469062	
3.4216E-5	0.448353	
3.4224E-5	0.433583	
3.4232E-5	0.428096	
3.424E-5	0.433933	
3.4248E-5	0.44649	
3.4256E-5	0.451017	
3.4264E-5	0.438341	
3.4272E-5	0.420758	
3.428E-5	0.39902	
3.4288E-5	0.372069	
3.4296E-5	0.349539	
3.4304E-5	0.334573	
3.4312E-5	0.325114	
3.432E-5	0.320511	
3.4328E-5	0.322552	
3.4336E-5	0.325294	
3.4344E-5	0.334489	
3.4352E-5	0.363478	
3.436E-5	0.397083	
3.4368E-5	0.417085	
3.4376E-5	0.433999	
3.4384E-5	0.450928	
3.4392E-5	0.445464	
3.44E-5	0.411442	
3.4408E-5	0.37504	
3.4416E-5	0.356149	
3.4424E-5	0.340859	
3.4432E-5	0.324199	
3.444E-5	0.322237	
3.4448E-5	0.336096	
3.4456E-5	0.364442	
3.4464E-5	0.391616	
3.4472E-5	0.399161	
3.448E-5	0.389878	
3.4488E-5	0.363921	
3.4496E-5	0.332821	
3.4504E-5	0.321075	
3.4512E-5	0.324045	
3.452E-5	0.314624	
3.4528E-5	0.292019	
3.4536E-5	0.26582	
3.4544E-5	0.24668	
3.4552E-5	0.255152	
3.456E-5	0.276619	
3.4568E-5	0.275913	
3.4576E-5	0.257166	
3.4584E-5	0.238868	
3.4592E-5	0.217837	
3.46E-5	0.192185	
3.4608E-5	0.163852	
3.4616E-5	0.150353	
3.4624E-5	0.169514	
3.4632E-5	0.196934	
3.464E-5	0.208099	
3.4648E-5	0.20817	
3.4656E-5	0.216051	
3.4664E-5	0.230255	
3.4672E-5	0.234954	
3.468E-5	0.24102	
3.4688E-5	0.248565	
3.4696E-5	0.248058	
3.4704E-5	0.240082	
3.4712E-5	0.223088	
3.472E-5	0.213685	
3.4728E-5	0.220973	
3.4736E-5	0.230558	
3.4744E-5	0.233583	
3.4752E-5	0.225876	
3.476E-5	0.206615	
3.4768E-5	0.181021	
3.4776E-5	0.159611	
3.4784E-5	0.159003	
3.4792E-5	0.174684	
3.48E-5	0.177246	
3.4808E-5	0.166515	
3.4816E-5	0.160917	
3.4824E-5	0.157042	
3.4832E-5	0.150219	
3.484E-5	0.150056	
3.4848E-5	0.157853	
3.4856E-5	0.155738	
3.4864E-5	0.136849	
3.4872E-5	0.117593	
3.488E-5	0.119588	
3.4888E-5	0.145654	
3.4896E-5	0.170233	
3.4904E-5	0.176479	
3.4912E-5	0.172462	
3.492E-5	0.160671	
3.4928E-5	0.146216	
3.4936E-5	0.127964	
3.4944E-5	0.0943233	
3.4952E-5	0.057493	
3.496E-5	0.0312574	
3.4968E-5	0.0115885	
3.4976E-5	0.00337887	
3.4984E-5	0.00920331	
3.4992E-5	0.0196513	
3.5E-5	0.0307138	
3.5008E-5	0.0449291	
3.5016E-5	0.067659	
3.5024E-5	0.0981506	
3.5032E-5	0.117434	
3.504E-5	0.101864	
3.5048E-5	0.0647712	
3.5056E-5	0.0429525	
3.5064E-5	0.0447942	
3.5072E-5	0.0571065	
3.508E-5	0.0749887	
3.5088E-5	0.0858164	
3.5096E-5	0.0732328	
3.5104E-5	0.043447	
3.5112E-5	0.00686812	
3.512E-5	-0.0236677	
3.5128E-5	-0.0402793	
3.5136E-5	-0.0582694	
3.5144E-5	-0.0817894	
3.5152E-5	-0.0958011	
3.516E-5	-0.0924668	
3.5168E-5	-0.0837491	
3.5176E-5	-0.0897875	
3.5184E-5	-0.109891	
3.5192E-5	-0.115544	
3.52E-5	-0.0845437	
3.5208E-5	-0.0353732	
3.5216E-5	-0.00338054	
3.5224E-5	-0.00139892	
3.5232E-5	-0.0192119	
3.524E-5	-0.0408163	
3.5248E-5	-0.0520718	
3.5256E-5	-0.0508865	
3.5264E-5	-0.0506593	
3.5272E-5	-0.0647806	
3.528E-5	-0.0982558	
3.5288E-5	-0.135848	
3.5296E-5	-0.158738	
3.5304E-5	-0.168748	
3.5312E-5	-0.172563	
3.532E-5	-0.165843	
3.5328E-5	-0.15018	
3.5336E-5	-0.144826	
3.5344E-5	-0.144357	
3.5352E-5	-0.139127	
3.536E-5	-0.149042	
3.5368E-5	-0.178983	
3.5376E-5	-0.206574	
3.5384E-5	-0.211141	
3.5392E-5	-0.190195	
3.54E-5	-0.166955	
3.5408E-5	-0.167313	
3.5416E-5	-0.188028	
3.5424E-5	-0.209393	
3.5432E-5	-0.212801	
3.544E-5	-0.202428	
3.5448E-5	-0.191167	
3.5456E-5	-0.183241	
3.5464E-5	-0.192383	
3.5472E-5	-0.214683	
3.548E-5	-0.235761	
3.5488E-5	-0.246859	
3.5496E-5	-0.244206	
3.5504E-5	-0.246368	
3.5512E-5	-0.249122	
3.552E-5	-0.235141	
3.5528E-5	-0.222758	
3.5536E-5	-0.221488	
3.5544E-5	-0.215525	
3.5552E-5	-0.210201	
3.556E-5	-0.224033	
3.5568E-5	-0.258628	
3.5576E-5	-0.289164	
3.5584E-5	-0.288145	
3.5592E-5	-0.269091	
3.56E-5	-0.249102	
3.5608E-5	-0.235284	
3.5616E-5	-0.243838	
3.5624E-5	-0.256835	
3.5632E-5	-0.255062	
3.564E-5	-0.260029	
3.5648E-5	-0.275009	
3.5656E-5	-0.283775	
3.5664E-5	-0.285684	
3.5672E-5	-0.279374	
3.568E-5	-0.267658	
3.5688E-5	-0.262699	
3.5696E-5	-0.265011	
3.5704E-5	-0.269631	
3.5712E-5	-0.28331	
3.572E-5	-0.305695	
3.5728E-5	-0.31625	
3.5736E-5	-0.308141	
3.5744E-5	-0.305878	
3.5752E-5	-0.318996	
3.576E-5	-0.332625	
3.5768E-5	-0.349351	
3.5776E-5	-0.374097	
3.5784E-5	-0.390262	
3.5792E-5	-0.380341	
3.58E-5	-0.359062	
3.5808E-5	-0.352214	
3.5816E-5	-0.351306	
3.5824E-5	-0.341468	
3.5832E-5	-0.321802	
3.584E-5	-0.30373	
3.5848E-5	-0.30457	
3.5856E-5	-0.314533	
3.5864E-5	-0.326267	
3.5872E-5	-0.344547	
3.588E-5	-0.350048	
3.5888E-5	-0.346639	
3.5896E-5	-0.362087	
3.5904E-5	-0.388272	
3.5912E-5	-0.409706	
3.592E-5	-0.430091	
3.5928E-5	-0.447542	
3.5936E-5	-0.464138	
3.5944E-5	-0.484603	
3.5952E-5	-0.489088	
3.596E-5	-0.471678	
3.5968E-5	-0.44873	
3.5976E-5	-0.419119	
3.5984E-5	-0.383978	
3.5992E-5	-0.360074	