Time - Plot 0	Amplitude - Plot 0	
0	0.919394	
8E-9	0.888904	
1.6E-8	0.876166	
2.4E-8	0.885285	
3.2E-8	0.903005	
4E-8	0.920596	
4.8E-8	0.93994	
5.6E-8	0.952679	
6.4E-8	0.953697	
7.2E-8	0.951018	
8E-8	0.941858	
8.8E-8	0.929373	
9.6E-8	0.922422	
1.04E-7	0.916793	
1.12E-7	0.917291	
1.2E-7	0.930228	
1.28E-7	0.947842	
1.36E-7	0.953618	
1.44E-7	0.943933	
1.52E-7	0.938447	
1.6E-7	0.945412	
1.68E-7	0.957285	
1.76E-7	0.886052	
1.84E-7	0.618967	
1.92E-7	0.220536	
2E-7	-0.176011	
2.08E-7	-0.514505	
2.16E-7	-0.762658	
2.24E-7	-0.912633	
2.32E-7	-0.988408	
2.4E-7	-1.01544	
2.48E-7	-1.00946	
2.56E-7	-0.978688	
2.64E-7	-0.94388	
2.72E-7	-0.927205	
2.8E-7	-0.926844	
2.88E-7	-0.929409	
2.96E-7	-0.926208	
3.04E-7	-0.911784	
3.12E-7	-0.89273	
3.2E-7	-0.887699	
3.28E-7	-0.894883	
3.36E-7	-0.904158	
3.44E-7	-0.918535	
3.52E-7	-0.936777	
3.6E-7	-0.955022	
3.68E-7	-0.966214	
3.76E-7	-0.957515	
3.84E-7	-0.93478	
3.92E-7	-0.912045	
4E-7	-0.895883	
4.08E-7	-0.895209	
4.16E-7	-0.905158	
4.24E-7	-0.909171	
4.32E-7	-0.907334	
4.4E-7	-0.913023	
4.48E-7	-0.928095	
4.56E-7	-0.940003	
4.64E-7	-0.942972	
4.72E-7	-0.947979	
4.8E-7	-0.957922	
4.88E-7	-0.960243	
4.96E-7	-0.947978	
5.04E-7	-0.931813	
5.12E-7	-0.920396	
5.2E-7	-0.912597	
5.28E-7	-0.916847	
5.36E-7	-0.92551	
5.44E-7	-0.921782	
5.52E-7	-0.915405	
5.6E-7	-0.914636	
5.68E-7	-0.908264	
5.76E-7	-0.898487	
5.84E-7	-0.899363	
5.92E-7	-0.910389	
6E-7	-0.920391	
6.08E-7	-0.924048	
6.16E-7	-0.931889	
6.24E-7	-0.940993	
6.32E-7	-0.941314	
6.4E-7	-0.944165	
6.48E-7	-0.948351	
6.56E-7	-0.942895	
6.64E-7	-0.938007	
6.72E-7	-0.940579	
6.8E-7	-0.945499	
6.88E-7	-0.95432	
6.96E-7	-0.967088	
7.04E-7	-0.979047	
7.12E-7	-0.980367	
7.2E-7	-0.962516	
7.28E-7	-0.930942	
7.36E-7	-0.896895	
7.44E-7	-0.877071	
7.52E-7	-0.881415	
7.6E-7	-0.893872	
7.68E-7	-0.901278	
7.76E-7	-0.91274	
7.84E-7	-0.932941	
7.92E-7	-0.944991	
8E-7	-0.940532	
8.08E-7	-0.931947	
8.16E-7	-0.916029	
8.24E-7	-0.89649	
8.32E-7	-0.889871	
8.4E-7	-0.885967	
8.48E-7	-0.878146	
8.56E-7	-0.878604	
8.64E-7	-0.892057	
8.72E-7	-0.905666	
8.8E-7	-0.903317	
8.88E-7	-0.889159	
8.96E-7	-0.880642	
9.04E-7	-0.890782	
9.12E-7	-0.915909	
9.2E-7	-0.937117	
9.28E-7	-0.938213	
9.36E-7	-0.921041	
9.44E-7	-0.901978	
9.52E-7	-0.897107	
9.6E-7	-0.910306	
9.68E-7	-0.92811	
9.76E-7	-0.939937	
9.84E-7	-0.95174	
9.92E-7	-0.96506	
1E-6	-0.970763	
1.008E-6	-0.968536	
1.016E-6	-0.958706	
1.024E-6	-0.941428	
1.032E-6	-0.926279	
1.04E-6	-0.909016	
1.048E-6	-0.892785	
1.056E-6	-0.896031	
1.064E-6	-0.916818	
1.072E-6	-0.932673	
1.08E-6	-0.933093	
1.088E-6	-0.93132	
1.096E-6	-0.934986	
1.104E-6	-0.944904	
1.112E-6	-0.959105	
1.12E-6	-0.971962	
1.128E-6	-0.982617	
1.136E-6	-0.982595	
1.144E-6	-0.968843	
1.152E-6	-0.956706	
1.16E-6	-0.953431	
1.168E-6	-0.952168	
1.176E-6	-0.948082	
1.184E-6	-0.946959	
1.192E-6	-0.861039	
1.2E-6	-0.577953	
1.208E-6	-0.169985	
1.216E-6	0.228859	
1.224E-6	0.551348	
1.232E-6	0.773024	
1.24E-6	0.898019	
1.248E-6	0.954342	
1.256E-6	0.972452	
1.264E-6	0.967174	
1.272E-6	0.955847	
1.28E-6	0.948081	
1.288E-6	0.937952	
1.296E-6	0.91672	
1.304E-6	0.897872	
1.312E-6	0.900063	
1.32E-6	0.919007	
1.328E-6	0.932465	
1.336E-6	0.921241	
1.344E-6	0.902007	
1.352E-6	0.897609	
1.36E-6	0.902309	
1.368E-6	0.910622	
1.376E-6	0.926089	
1.384E-6	0.945427	
1.392E-6	0.952881	
1.4E-6	0.941686	
1.408E-6	0.927043	
1.416E-6	0.920147	
1.424E-6	0.924374	
1.432E-6	0.936847	
1.44E-6	0.950363	
1.448E-6	0.954807	
1.456E-6	0.947092	
1.464E-6	0.933876	
1.472E-6	0.916352	
1.48E-6	0.907423	
1.488E-6	0.917339	
1.496E-6	0.931717	
1.504E-6	0.939883	
1.512E-6	0.949234	
1.52E-6	0.963085	
1.528E-6	0.97651	
1.536E-6	0.977279	
1.544E-6	0.961609	
1.552E-6	0.949114	
1.56E-6	0.939358	
1.568E-6	0.924734	
1.576E-6	0.9217	
1.584E-6	0.931551	
1.592E-6	0.937141	
1.6E-6	0.936986	
1.608E-6	0.942225	
1.616E-6	0.945064	
1.624E-6	0.932824	
1.632E-6	0.91183	
1.64E-6	0.895753	
1.648E-6	0.898444	
1.656E-6	0.907934	
1.664E-6	0.908462	
1.672E-6	0.908227	
1.68E-6	0.901145	
1.688E-6	0.877871	
1.696E-6	0.853033	
1.704E-6	0.845901	
1.712E-6	0.852477	
1.72E-6	0.860308	
1.728E-6	0.868153	
1.736E-6	0.875651	
1.744E-6	0.888042	
1.752E-6	0.904355	
1.76E-6	0.916717	
1.768E-6	0.924647	
1.776E-6	0.920196	
1.784E-6	0.906318	
1.792E-6	0.905964	
1.8E-6	0.921933	
1.808E-6	0.939931	
1.816E-6	0.947986	
1.824E-6	0.944443	
1.832E-6	0.943292	
1.84E-6	0.95181	
1.848E-6	0.96487	
1.856E-6	0.977297	
1.864E-6	0.978902	
1.872E-6	0.957079	
1.88E-6	0.921315	
1.888E-6	0.892689	
1.896E-6	0.880818	
1.904E-6	0.890247	
1.912E-6	0.905742	
1.92E-6	0.906661	
1.928E-6	0.900715	
1.936E-6	0.894513	
1.944E-6	0.889115	
1.952E-6	0.897785	
1.96E-6	0.920877	
1.968E-6	0.939474	
1.976E-6	0.936818	
1.984E-6	0.914675	
1.992E-6	0.885152	
2E-6	0.865424	
2.008E-6	0.866097	
2.016E-6	0.877218	
2.024E-6	0.884218	
2.032E-6	0.876128	
2.04E-6	0.855583	
2.048E-6	0.83324	
2.056E-6	0.822911	
2.064E-6	0.83998	
2.072E-6	0.874977	
2.08E-6	0.909218	
2.088E-6	0.939463	
2.096E-6	0.963124	
2.104E-6	0.973535	
2.112E-6	0.97397	
2.12E-6	0.968735	
2.128E-6	0.951534	
2.136E-6	0.930014	
2.144E-6	0.913575	
2.152E-6	0.901052	
2.16E-6	0.897829	
2.168E-6	0.903832	
2.176E-6	0.918653	
2.184E-6	0.938225	
2.192E-6	0.954141	
2.2E-6	0.967858	
2.208E-6	0.899313	
2.216E-6	0.631498	
2.224E-6	0.214237	
2.232E-6	-0.212233	
2.24E-6	-0.566952	
2.248E-6	-0.818926	
2.256E-6	-0.971448	
2.264E-6	-1.04785	
2.272E-6	-1.07365	
2.28E-6	-1.06901	
2.288E-6	-1.04932	
2.296E-6	-1.028	
2.304E-6	-1.0122	
2.312E-6	-1.00001	
2.32E-6	-0.988534	
2.328E-6	-0.971304	
2.336E-6	-0.948458	
2.344E-6	-0.933938	
2.352E-6	-0.931923	
2.36E-6	-0.939966	
2.368E-6	-0.949243	
2.376E-6	-0.949272	
2.384E-6	-0.937889	
2.392E-6	-0.920926	
2.4E-6	-0.908976	
2.408E-6	-0.903921	
2.416E-6	-0.911181	
2.424E-6	-0.931136	
2.432E-6	-0.953664	
2.44E-6	-0.965122	
2.448E-6	-0.958938	
2.456E-6	-0.951469	
2.464E-6	-0.951177	
2.472E-6	-0.952723	
2.48E-6	-0.949065	
2.488E-6	-0.930836	
2.496E-6	-0.906081	
2.504E-6	-0.89369	
2.512E-6	-0.892454	
2.52E-6	-0.892765	
2.528E-6	-0.903145	
2.536E-6	-0.925455	
2.544E-6	-0.948988	
2.552E-6	-0.96705	
2.56E-6	-0.972219	
2.568E-6	-0.957391	
2.576E-6	-0.933084	
2.584E-6	-0.920918	
2.592E-6	-0.924121	
2.6E-6	-0.934187	
2.608E-6	-0.940497	
2.616E-6	-0.93398	
2.624E-6	-0.91553	
2.632E-6	-0.899465	
2.64E-6	-0.901874	
2.648E-6	-0.920711	
2.656E-6	-0.944607	
2.664E-6	-0.957653	
2.672E-6	-0.945621	
2.68E-6	-0.922107	
2.688E-6	-0.912726	
2.696E-6	-0.922326	
2.704E-6	-0.94138	
2.712E-6	-0.957561	
2.72E-6	-0.958328	
2.728E-6	-0.948372	
2.736E-6	-0.943962	
2.744E-6	-0.948068	
2.752E-6	-0.950405	
2.76E-6	-0.943951	
2.768E-6	-0.937981	
2.776E-6	-0.933515	
2.784E-6	-0.926221	
2.792E-6	-0.92823	
2.8E-6	-0.940234	
2.808E-6	-0.952707	
2.816E-6	-0.963861	
2.824E-6	-0.969711	
2.832E-6	-0.962248	
2.84E-6	-0.946699	
2.848E-6	-0.934967	
2.856E-6	-0.921252	
2.864E-6	-0.903934	
2.872E-6	-0.897388	
2.88E-6	-0.907074	
2.888E-6	-0.917168	
2.896E-6	-0.917953	
2.904E-6	-0.924219	
2.912E-6	-0.935312	
2.92E-6	-0.937761	
2.928E-6	-0.938479	
2.936E-6	-0.947189	
2.944E-6	-0.959524	
2.952E-6	-0.969669	
2.96E-6	-0.970562	
2.968E-6	-0.953007	
2.976E-6	-0.930196	
2.984E-6	-0.917525	
2.992E-6	-0.90904	
3E-6	-0.90743	
3.008E-6	-0.920063	
3.016E-6	-0.936386	
3.024E-6	-0.946858	
3.032E-6	-0.947644	
3.04E-6	-0.938632	
3.048E-6	-0.932635	
3.056E-6	-0.933283	
3.064E-6	-0.930569	
3.072E-6	-0.915457	
3.08E-6	-0.888524	
3.088E-6	-0.867959	
3.096E-6	-0.865951	
3.104E-6	-0.876124	
3.112E-6	-0.889332	
3.12E-6	-0.892355	
3.128E-6	-0.881187	
3.136E-6	-0.87276	
3.144E-6	-0.878032	
3.152E-6	-0.891696	
3.16E-6	-0.912687	
3.168E-6	-0.934977	
3.176E-6	-0.942548	
3.184E-6	-0.929216	
3.192E-6	-0.907956	
3.2E-6	-0.899317	
3.208E-6	-0.900855	
3.216E-6	-0.893302	
3.224E-6	-0.794046	
3.232E-6	-0.516793	
3.24E-6	-0.136692	
3.248E-6	0.229847	
3.256E-6	0.538255	
3.264E-6	0.763796	
3.272E-6	0.908291	
3.28E-6	0.991491	
3.288E-6	1.01949	
3.296E-6	1.00591	
3.304E-6	0.986488	
3.312E-6	0.971456	
3.32E-6	0.952539	
3.328E-6	0.940855	
3.336E-6	0.944177	
3.344E-6	0.956084	
3.352E-6	0.960536	
3.36E-6	0.947989	
3.368E-6	0.93422	
3.376E-6	0.928307	
3.384E-6	0.918253	
3.392E-6	0.897655	
3.4E-6	0.8725	
3.408E-6	0.857887	
3.416E-6	0.868098	
3.424E-6	0.888617	
3.432E-6	0.893597	
3.44E-6	0.889856	
3.448E-6	0.89836	
3.456E-6	0.910401	
3.464E-6	0.913032	
3.472E-6	0.918569	
3.48E-6	0.932533	
3.488E-6	0.949949	
3.496E-6	0.964213	
3.504E-6	0.970783	
3.512E-6	0.975867	
3.52E-6	0.982798	
3.528E-6	0.9856	
3.536E-6	0.982087	
3.544E-6	0.97988	
3.552E-6	0.982484	
3.56E-6	0.986976	
3.568E-6	0.983459	
3.576E-6	0.959483	
3.584E-6	0.928909	
3.592E-6	0.917905	
3.6E-6	0.927305	
3.608E-6	0.94469	
3.616E-6	0.960884	
3.624E-6	0.962522	
3.632E-6	0.940437	
3.64E-6	0.904188	
3.648E-6	0.877668	
3.656E-6	0.868799	
3.664E-6	0.858595	
3.672E-6	0.847777	
3.68E-6	0.857233	
3.688E-6	0.876883	
3.696E-6	0.882376	
3.704E-6	0.882401	
3.712E-6	0.896807	
3.72E-6	0.922908	
3.728E-6	0.944195	
3.736E-6	0.945586	
3.744E-6	0.934819	
3.752E-6	0.929651	
3.76E-6	0.932038	
3.768E-6	0.941709	
3.776E-6	0.947697	
3.784E-6	0.937133	
3.792E-6	0.921043	
3.8E-6	0.91416	
3.808E-6	0.914461	
3.816E-6	0.915466	
3.824E-6	0.921723	
3.832E-6	0.925409	
3.84E-6	0.911342	
3.848E-6	0.885527	
3.856E-6	0.862599	
3.864E-6	0.856046	
3.872E-6	0.866504	
3.88E-6	0.875813	
3.888E-6	0.873761	
3.896E-6	0.872159	
3.904E-6	0.885062	
3.912E-6	0.900264	
3.92E-6	0.904994	
3.928E-6	0.90536	
3.936E-6	0.903542	
3.944E-6	0.907297	
3.952E-6	0.921433	
3.96E-6	0.934486	
3.968E-6	0.936116	
3.976E-6	0.931846	
3.984E-6	0.92539	
3.992E-6	0.908559	
4E-6	0.892149	
4.008E-6	0.884782	
4.016E-6	0.882458	
4.024E-6	0.894018	
4.032E-6	0.919239	
4.04E-6	0.946525	
4.048E-6	0.969788	
4.056E-6	0.983142	
4.064E-6	0.985508	
4.072E-6	0.98568	
4.08E-6	0.988384	
4.088E-6	0.991374	
4.096E-6	0.993489	
4.104E-6	0.995247	
4.112E-6	0.986671	
4.12E-6	0.964288	
4.128E-6	0.949421	
4.136E-6	0.951171	
4.144E-6	0.960898	
4.152E-6	0.969715	
4.16E-6	0.9733	
4.168E-6	0.974769	
4.176E-6	0.967064	
4.184E-6	0.949313	
4.192E-6	0.940923	
4.2E-6	0.946589	
4.208E-6	0.957037	
4.216E-6	0.968559	
4.224E-6	0.974545	
4.232E-6	0.970174	
4.24E-6	0.87196	
4.248E-6	0.576299	
4.256E-6	0.16798	
4.264E-6	-0.216931	
4.272E-6	-0.533849	
4.28E-6	-0.764197	
4.288E-6	-0.908472	
4.296E-6	-0.985003	
4.304E-6	-1.02028	
4.312E-6	-1.03388	
4.32E-6	-1.0262	
4.328E-6	-1.00133	
4.336E-6	-0.976044	
4.344E-6	-0.958654	
4.352E-6	-0.953042	
4.36E-6	-0.958932	
4.368E-6	-0.969406	
4.376E-6	-0.977379	
4.384E-6	-0.978995	
4.392E-6	-0.976192	
4.4E-6	-0.962198	
4.408E-6	-0.932592	
4.416E-6	-0.906723	
4.424E-6	-0.903001	
4.432E-6	-0.913474	
4.44E-6	-0.925333	
4.448E-6	-0.937893	
4.456E-6	-0.94955	
4.464E-6	-0.956192	
4.472E-6	-0.948686	
4.48E-6	-0.920936	
4.488E-6	-0.893157	
4.496E-6	-0.890007	
4.504E-6	-0.908755	
4.512E-6	-0.925183	
4.52E-6	-0.927789	
4.528E-6	-0.92386	
4.536E-6	-0.916169	
4.544E-6	-0.914932	
4.552E-6	-0.924359	
4.56E-6	-0.93567	
4.568E-6	-0.949456	
4.576E-6	-0.964749	
4.584E-6	-0.968912	
4.592E-6	-0.954744	
4.6E-6	-0.93036	
4.608E-6	-0.910146	
4.616E-6	-0.900452	
4.624E-6	-0.897775	
4.632E-6	-0.90529	
4.64E-6	-0.920382	
4.648E-6	-0.936042	
4.656E-6	-0.95326	
4.664E-6	-0.962268	
4.672E-6	-0.955046	
4.68E-6	-0.94598	
4.688E-6	-0.945598	
4.696E-6	-0.944922	
4.704E-6	-0.940632	
4.712E-6	-0.942466	
4.72E-6	-0.94814	
4.728E-6	-0.946824	
4.736E-6	-0.94202	
4.744E-6	-0.940396	
4.752E-6	-0.942142	
4.76E-6	-0.945693	
4.768E-6	-0.939719	
4.776E-6	-0.921414	
4.784E-6	-0.904154	
4.792E-6	-0.897245	
4.8E-6	-0.90216	
4.808E-6	-0.911194	
4.816E-6	-0.912584	
4.824E-6	-0.907334	
4.832E-6	-0.905266	
4.84E-6	-0.9079	
4.848E-6	-0.919272	
4.856E-6	-0.939752	
4.864E-6	-0.954665	
4.872E-6	-0.95779	
4.88E-6	-0.953679	
4.888E-6	-0.945885	
4.896E-6	-0.941251	
4.904E-6	-0.938992	
4.912E-6	-0.938402	
4.92E-6	-0.938372	
4.928E-6	-0.934628	
4.936E-6	-0.933118	
4.944E-6	-0.936358	
4.952E-6	-0.940987	
4.96E-6	-0.945083	
4.968E-6	-0.952605	
4.976E-6	-0.958674	
4.984E-6	-0.956825	
4.992E-6	-0.957695	
5E-6	-0.958855	
5.008E-6	-0.95286	
5.016E-6	-0.951528	
5.024E-6	-0.959582	
5.032E-6	-0.970529	
5.04E-6	-0.981114	
5.048E-6	-0.984869	
5.056E-6	-0.969947	
5.064E-6	-0.934744	
5.072E-6	-0.893339	
5.08E-6	-0.857755	
5.088E-6	-0.833979	
5.096E-6	-0.831193	
5.104E-6	-0.849063	
5.112E-6	-0.870681	
5.12E-6	-0.888411	
5.128E-6	-0.908507	
5.136E-6	-0.931665	
5.144E-6	-0.949066	
5.152E-6	-0.955849	
5.16E-6	-0.954849	
5.168E-6	-0.944533	
5.176E-6	-0.926845	
5.184E-6	-0.91443	
5.192E-6	-0.916395	
5.2E-6	-0.922963	
5.208E-6	-0.926263	
5.216E-6	-0.935335	
5.224E-6	-0.95173	
5.232E-6	-0.966827	
5.24E-6	-0.969956	
5.248E-6	-0.954989	
5.256E-6	-0.843736	
5.264E-6	-0.535008	
5.272E-6	-0.109838	
5.28E-6	0.284994	
5.288E-6	0.601265	
5.296E-6	0.819494	
5.304E-6	0.935402	
5.312E-6	0.985384	
5.32E-6	0.997138	
5.328E-6	0.975304	
5.336E-6	0.943787	
5.344E-6	0.927013	
5.352E-6	0.916716	
5.36E-6	0.899837	
5.368E-6	0.886983	
5.376E-6	0.893799	
5.384E-6	0.907163	
5.392E-6	0.910672	
5.4E-6	0.916877	
5.408E-6	0.933432	
5.416E-6	0.950875	
5.424E-6	0.964226	
5.432E-6	0.975514	
5.44E-6	0.98556	
5.448E-6	0.990087	
5.456E-6	0.983399	
5.464E-6	0.970878	
5.472E-6	0.965464	
5.48E-6	0.961158	
5.488E-6	0.939992	
5.496E-6	0.901674	
5.504E-6	0.860488	
5.512E-6	0.834651	
5.52E-6	0.827825	
5.528E-6	0.828257	
5.536E-6	0.838766	
5.544E-6	0.86518	
5.552E-6	0.891782	
5.56E-6	0.906421	
5.568E-6	0.912597	
5.576E-6	0.903245	
5.584E-6	0.886022	
5.592E-6	0.886796	
5.6E-6	0.906764	
5.608E-6	0.932622	
5.616E-6	0.950072	
5.624E-6	0.946487	
5.632E-6	0.926593	
5.64E-6	0.910021	
5.648E-6	0.911874	
5.656E-6	0.929024	
5.664E-6	0.950529	
5.672E-6	0.964419	
5.68E-6	0.955464	
5.688E-6	0.931944	
5.696E-6	0.922148	
5.704E-6	0.930137	
5.712E-6	0.943862	
5.72E-6	0.959409	
5.728E-6	0.969431	
5.736E-6	0.961435	
5.744E-6	0.933023	
5.752E-6	0.894032	
5.76E-6	0.860569	
5.768E-6	0.846705	
5.776E-6	0.848314	
5.784E-6	0.847634	
5.792E-6	0.847086	
5.8E-6	0.855258	
5.808E-6	0.866815	
5.816E-6	0.887479	
5.824E-6	0.912678	
5.832E-6	0.926232	
5.84E-6	0.924423	
5.848E-6	0.915313	
5.856E-6	0.913034	
5.864E-6	0.912628	
5.872E-6	0.906314	
5.88E-6	0.897395	
5.888E-6	0.888331	
5.896E-6	0.889636	
5.904E-6	0.905902	
5.912E-6	0.928412	
5.92E-6	0.948559	
5.928E-6	0.96256	
5.936E-6	0.973645	
5.944E-6	0.983937	
5.952E-6	0.986217	
5.96E-6	0.976252	
5.968E-6	0.963997	
5.976E-6	0.952029	
5.984E-6	0.929066	
5.992E-6	0.900842	
6E-6	0.889748	
6.008E-6	0.901932	
6.016E-6	0.923613	
6.024E-6	0.94359	
6.032E-6	0.960862	
6.04E-6	0.96666	
6.048E-6	0.94926	
6.056E-6	0.913963	
6.064E-6	0.873205	
6.072E-6	0.842761	
6.08E-6	0.831129	
6.088E-6	0.834416	
6.096E-6	0.843631	
6.104E-6	0.853227	
6.112E-6	0.870064	
6.12E-6	0.894129	
6.128E-6	0.912512	
6.136E-6	0.919782	
6.144E-6	0.919578	
6.152E-6	0.908742	
6.16E-6	0.889329	
6.168E-6	0.871083	
6.176E-6	0.859154	
6.184E-6	0.853803	
6.192E-6	0.857291	
6.2E-6	0.871356	
6.208E-6	0.890282	
6.216E-6	0.912532	
6.224E-6	0.93126	
6.232E-6	0.93418	
6.24E-6	0.92229	
6.248E-6	0.906994	
6.256E-6	0.897358	
6.264E-6	0.89679	
6.272E-6	0.817307	
6.28E-6	0.540876	
6.288E-6	0.133707	
6.296E-6	-0.266596	
6.304E-6	-0.592733	
6.312E-6	-0.819865	
6.32E-6	-0.960644	
6.328E-6	-1.03475	
6.336E-6	-1.05109	
6.344E-6	-1.0295	
6.352E-6	-0.994101	
6.36E-6	-0.952023	
6.368E-6	-0.915833	
6.376E-6	-0.894122	
6.384E-6	-0.886377	
6.392E-6	-0.897318	
6.4E-6	-0.920749	
6.408E-6	-0.941379	
6.416E-6	-0.954007	
6.424E-6	-0.96232	
6.432E-6	-0.965381	
6.44E-6	-0.965324	
6.448E-6	-0.967255	
6.456E-6	-0.97011	
6.464E-6	-0.973238	
6.472E-6	-0.977367	
6.48E-6	-0.982673	
6.488E-6	-0.988063	
6.496E-6	-0.992084	
6.504E-6	-0.995105	
6.512E-6	-0.990661	
6.52E-6	-0.972679	
6.528E-6	-0.954345	
6.536E-6	-0.949905	
6.544E-6	-0.953528	
6.552E-6	-0.957002	
6.56E-6	-0.962196	
6.568E-6	-0.96971	
6.576E-6	-0.974092	
6.584E-6	-0.967767	
6.592E-6	-0.947219	
6.6E-6	-0.924272	
6.608E-6	-0.918406	
6.616E-6	-0.930576	
6.624E-6	-0.945474	
6.632E-6	-0.950546	
6.64E-6	-0.949242	
6.648E-6	-0.951354	
6.656E-6	-0.954377	
6.664E-6	-0.956594	
6.672E-6	-0.960131	
6.68E-6	-0.956222	
6.688E-6	-0.937572	
6.696E-6	-0.914937	
6.704E-6	-0.897866	
6.712E-6	-0.889179	
6.72E-6	-0.897443	
6.728E-6	-0.920431	
6.736E-6	-0.939578	
6.744E-6	-0.946445	
6.752E-6	-0.952857	
6.76E-6	-0.964708	
6.768E-6	-0.976995	
6.776E-6	-0.977993	
6.784E-6	-0.96413	
6.792E-6	-0.951411	
6.8E-6	-0.937748	
6.808E-6	-0.919781	
6.816E-6	-0.908637	
6.824E-6	-0.905194	
6.832E-6	-0.913583	
6.84E-6	-0.933653	
6.848E-6	-0.950086	
6.856E-6	-0.954607	
6.864E-6	-0.954662	
6.872E-6	-0.957505	
6.88E-6	-0.964669	
6.888E-6	-0.973916	
6.896E-6	-0.981691	
6.904E-6	-0.979812	
6.912E-6	-0.966033	
6.92E-6	-0.957233	
6.928E-6	-0.959304	
6.936E-6	-0.96485	
6.944E-6	-0.972568	
6.952E-6	-0.976177	
6.96E-6	-0.968448	
6.968E-6	-0.955552	
6.976E-6	-0.947774	
6.984E-6	-0.94594	
6.992E-6	-0.940312	
7E-6	-0.927891	
7.008E-6	-0.918028	
7.016E-6	-0.918325	
7.024E-6	-0.924775	
7.032E-6	-0.926636	
7.04E-6	-0.918763	
7.048E-6	-0.903761	
7.056E-6	-0.896103	
7.064E-6	-0.90481	
7.072E-6	-0.915046	
7.08E-6	-0.918651	
7.088E-6	-0.927905	
7.096E-6	-0.936477	
7.104E-6	-0.933842	
7.112E-6	-0.935464	
7.12E-6	-0.948171	
7.128E-6	-0.963986	
7.136E-6	-0.978408	
7.144E-6	-0.98293	
7.152E-6	-0.969038	
7.16E-6	-0.944155	
7.168E-6	-0.923365	
7.176E-6	-0.906309	
7.184E-6	-0.891717	
7.192E-6	-0.894215	
7.2E-6	-0.910375	
7.208E-6	-0.925684	
7.216E-6	-0.935128	
7.224E-6	-0.937328	
7.232E-6	-0.939539	
7.24E-6	-0.935218	
7.248E-6	-0.913509	
7.256E-6	-0.884853	
7.264E-6	-0.868625	
7.272E-6	-0.870813	
7.28E-6	-0.873583	
7.288E-6	-0.781032	
7.296E-6	-0.496952	
7.304E-6	-0.0969814	
7.312E-6	0.28901	
7.32E-6	0.601934	
7.328E-6	0.822018	
7.336E-6	0.957408	
7.344E-6	1.02965	
7.352E-6	1.05968	
7.36E-6	1.05896	
7.368E-6	1.0329	
7.376E-6	0.995538	
7.384E-6	0.96761	
7.392E-6	0.957592	
7.4E-6	0.954126	
7.408E-6	0.939381	
7.416E-6	0.919362	
7.424E-6	0.915581	
7.432E-6	0.929114	
7.44E-6	0.941032	
7.448E-6	0.932959	
7.456E-6	0.914489	
7.464E-6	0.908973	
7.472E-6	0.918029	
7.48E-6	0.935075	
7.488E-6	0.955269	
7.496E-6	0.973153	
7.504E-6	0.986737	
7.512E-6	0.991561	
7.52E-6	0.980377	
7.528E-6	0.952223	
7.536E-6	0.922793	
7.544E-6	0.913616	
7.552E-6	0.919369	
7.56E-6	0.925747	
7.568E-6	0.933596	
7.576E-6	0.935275	
7.584E-6	0.929121	
7.592E-6	0.928263	
7.6E-6	0.934874	
7.608E-6	0.946308	
7.616E-6	0.956247	
7.624E-6	0.956463	
7.632E-6	0.947442	
7.64E-6	0.93791	
7.648E-6	0.93913	
7.656E-6	0.946172	
7.664E-6	0.941068	
7.672E-6	0.918746	
7.68E-6	0.890617	
7.688E-6	0.86721	
7.696E-6	0.848285	
7.704E-6	0.837562	
7.712E-6	0.841794	
7.72E-6	0.858261	
7.728E-6	0.884199	
7.736E-6	0.914459	
7.744E-6	0.942195	
7.752E-6	0.964292	
7.76E-6	0.973437	
7.768E-6	0.96881	
7.776E-6	0.965369	
7.784E-6	0.970043	
7.792E-6	0.977095	
7.8E-6	0.973709	
7.808E-6	0.957016	
7.816E-6	0.941521	
7.824E-6	0.92254	
7.832E-6	0.90014	
7.84E-6	0.896676	
7.848E-6	0.904489	
7.856E-6	0.900655	
7.864E-6	0.89483	
7.872E-6	0.904563	
7.88E-6	0.918253	
7.888E-6	0.913246	
7.896E-6	0.889258	
7.904E-6	0.869649	
7.912E-6	0.871084	
7.92E-6	0.878243	
7.928E-6	0.881091	
7.936E-6	0.894766	
7.944E-6	0.910036	
7.952E-6	0.912403	
7.96E-6	0.914024	
7.968E-6	0.91049	
7.976E-6	0.889282	
7.984E-6	0.867345	
7.992E-6	0.868465	
8E-6	0.891991	
8.008E-6	0.92345	
8.016E-6	0.946725	
8.024E-6	0.954375	
8.032E-6	0.958225	
8.04E-6	0.960351	
8.048E-6	0.949716	
8.056E-6	0.935142	
8.064E-6	0.933849	
8.072E-6	0.935411	
8.08E-6	0.919881	
8.088E-6	0.893891	
8.096E-6	0.877641	
8.104E-6	0.872556	
8.112E-6	0.871893	
8.12E-6	0.881665	
8.128E-6	0.901467	
8.136E-6	0.925962	
8.144E-6	0.951645	
8.152E-6	0.970045	
8.16E-6	0.971523	
8.168E-6	0.96074	
8.176E-6	0.955853	
8.184E-6	0.955415	
8.192E-6	0.951083	
8.2E-6	0.947403	
8.208E-6	0.94649	
8.216E-6	0.946164	
8.224E-6	0.939477	
8.232E-6	0.930147	
8.24E-6	0.92572	
8.248E-6	0.919041	
8.256E-6	0.910887	
8.264E-6	0.907035	
8.272E-6	0.909095	
8.28E-6	0.919729	
8.288E-6	0.926103	
8.296E-6	0.911589	
8.304E-6	0.800203	
8.312E-6	0.503972	
8.32E-6	0.0937957	
8.328E-6	-0.29968	
8.336E-6	-0.609177	
8.344E-6	-0.813709	
8.352E-6	-0.927846	
8.36E-6	-0.983301	
8.368E-6	-1.00094	
8.376E-6	-0.989187	
8.384E-6	-0.965289	
8.392E-6	-0.940371	
8.4E-6	-0.920756	
8.408E-6	-0.916238	
8.416E-6	-0.9263	
8.424E-6	-0.94274	
8.432E-6	-0.96034	
8.44E-6	-0.976313	
8.448E-6	-0.986971	
8.456E-6	-0.984015	
8.464E-6	-0.969009	
8.472E-6	-0.950214	
8.48E-6	-0.930821	
8.488E-6	-0.924385	
8.496E-6	-0.93517	
8.504E-6	-0.952442	
8.512E-6	-0.967265	
8.52E-6	-0.966452	
8.528E-6	-0.951232	
8.536E-6	-0.943413	
8.544E-6	-0.942686	
8.552E-6	-0.936484	
8.56E-6	-0.925833	
8.568E-6	-0.915729	
8.576E-6	-0.917952	
8.584E-6	-0.926253	
8.592E-6	-0.92807	
8.6E-6	-0.927087	
8.608E-6	-0.916309	
8.616E-6	-0.900561	
8.624E-6	-0.901812	
8.632E-6	-0.919041	
8.64E-6	-0.939451	
8.648E-6	-0.959164	
8.656E-6	-0.976395	
8.664E-6	-0.984362	
8.672E-6	-0.97603	
8.68E-6	-0.960669	
8.688E-6	-0.954947	
8.696E-6	-0.95796	
8.704E-6	-0.962248	
8.712E-6	-0.968851	
8.72E-6	-0.977846	
8.728E-6	-0.983336	
8.736E-6	-0.977343	
8.744E-6	-0.959441	
8.752E-6	-0.938584	
8.76E-6	-0.923232	
8.768E-6	-0.912696	
8.776E-6	-0.905011	
8.784E-6	-0.908346	
8.792E-6	-0.919455	
8.8E-6	-0.925007	
8.808E-6	-0.922311	
8.816E-6	-0.916156	
8.824E-6	-0.91782	
8.832E-6	-0.928082	
8.84E-6	-0.933091	
8.848E-6	-0.924559	
8.856E-6	-0.902547	
8.864E-6	-0.88223	
8.872E-6	-0.88436	
8.88E-6	-0.90073	
8.888E-6	-0.908377	
8.896E-6	-0.901615	
8.904E-6	-0.885488	
8.912E-6	-0.872831	
8.92E-6	-0.873966	
8.928E-6	-0.882876	
8.936E-6	-0.892197	
8.944E-6	-0.902064	
8.952E-6	-0.912546	
8.96E-6	-0.923147	
8.968E-6	-0.930935	
8.976E-6	-0.933484	
8.984E-6	-0.940001	
8.992E-6	-0.94501	
9E-6	-0.9339	
9.008E-6	-0.918361	
9.016E-6	-0.910569	
9.024E-6	-0.911052	
9.032E-6	-0.922875	
9.04E-6	-0.942832	
9.048E-6	-0.954804	
9.056E-6	-0.951871	
9.064E-6	-0.950045	
9.072E-6	-0.957226	
9.08E-6	-0.96366	
9.088E-6	-0.960075	
9.096E-6	-0.951033	
9.104E-6	-0.950111	
9.112E-6	-0.958864	
9.12E-6	-0.970479	
9.128E-6	-0.974309	
9.136E-6	-0.966387	
9.144E-6	-0.960469	
9.152E-6	-0.957698	
9.16E-6	-0.948757	
9.168E-6	-0.934911	
9.176E-6	-0.915825	
9.184E-6	-0.900721	
9.192E-6	-0.9047	
9.2E-6	-0.924244	
9.208E-6	-0.941452	
9.216E-6	-0.947946	
9.224E-6	-0.954358	
9.232E-6	-0.965932	
9.24E-6	-0.972094	
9.248E-6	-0.962517	
9.256E-6	-0.946679	
9.264E-6	-0.940612	
9.272E-6	-0.936372	
9.28E-6	-0.927599	
9.288E-6	-0.923185	
9.296E-6	-0.919698	
9.304E-6	-0.917562	
9.312E-6	-0.919227	
9.32E-6	-0.833614	
9.328E-6	-0.553023	
9.336E-6	-0.151883	
9.344E-6	0.232792	
9.352E-6	0.552594	
9.36E-6	0.787765	
9.368E-6	0.933235	
9.376E-6	1.01242	
9.384E-6	1.04216	
9.392E-6	1.03523	
9.4E-6	1.01841	
9.408E-6	1.00672	
9.416E-6	0.999707	
9.424E-6	0.996289	
9.432E-6	0.995272	
9.44E-6	0.99562	
9.448E-6	0.993561	
9.456E-6	0.981625	
9.464E-6	0.963995	
9.472E-6	0.95589	
9.48E-6	0.960021	
9.488E-6	0.969409	
9.496E-6	0.979641	
9.504E-6	0.979122	
9.512E-6	0.964126	
9.52E-6	0.949451	
9.528E-6	0.939525	
9.536E-6	0.932324	
9.544E-6	0.922298	
9.552E-6	0.898356	
9.56E-6	0.874008	
9.568E-6	0.874406	
9.576E-6	0.896866	
9.584E-6	0.915247	
9.592E-6	0.919211	
9.6E-6	0.923341	
9.608E-6	0.923685	
9.616E-6	0.90493	
9.624E-6	0.877771	
9.632E-6	0.865782	
9.64E-6	0.872704	
9.648E-6	0.887107	
9.656E-6	0.907082	
9.664E-6	0.926912	
9.672E-6	0.931579	
9.68E-6	0.918058	
9.688E-6	0.90174	
9.696E-6	0.895918	
9.704E-6	0.895263	
9.712E-6	0.887756	
9.72E-6	0.869948	
9.728E-6	0.853434	
9.736E-6	0.855682	
9.744E-6	0.867862	
9.752E-6	0.873959	
9.76E-6	0.885401	
9.768E-6	0.900725	
9.776E-6	0.908261	
9.784E-6	0.919724	
9.792E-6	0.932729	
9.8E-6	0.93666	
9.808E-6	0.933472	
9.816E-6	0.919579	
9.824E-6	0.906476	
9.832E-6	0.908272	
9.84E-6	0.910253	
9.848E-6	0.905528	
9.856E-6	0.908822	
9.864E-6	0.912983	
9.872E-6	0.899971	
9.88E-6	0.875699	
9.888E-6	0.861501	
9.896E-6	0.87211	
9.904E-6	0.900905	
9.912E-6	0.922823	
9.92E-6	0.916151	
9.928E-6	0.887341	
9.936E-6	0.863826	
9.944E-6	0.858279	
9.952E-6	0.865014	
9.96E-6	0.885205	
9.968E-6	0.916141	
9.976E-6	0.944313	
9.984E-6	0.963417	
9.992E-6	0.972162	
1E-5	0.97181	
1.0008E-5	0.965263	
1.0016E-5	0.955082	
1.0024E-5	0.948656	
1.0032E-5	0.941821	
1.004E-5	0.926673	
1.0048E-5	0.913534	
1.0056E-5	0.914688	
1.0064E-5	0.919699	
1.0072E-5	0.911585	
1.008E-5	0.898848	
1.0088E-5	0.898209	
1.0096E-5	0.904047	
1.0104E-5	0.902389	
1.0112E-5	0.892536	
1.012E-5	0.883959	
1.0128E-5	0.880953	
1.0136E-5	0.880421	
1.0144E-5	0.890069	
1.0152E-5	0.911795	
1.016E-5	0.937101	
1.0168E-5	0.961125	
1.0176E-5	0.980097	
1.0184E-5	0.98981	
1.0192E-5	0.982922	
1.02E-5	0.963041	
1.0208E-5	0.938917	
1.0216E-5	0.917091	
1.0224E-5	0.91221	
1.0232E-5	0.925074	
1.024E-5	0.943382	
1.0248E-5	0.961896	
1.0256E-5	0.978013	
1.0264E-5	0.989973	
1.0272E-5	0.997492	
1.028E-5	0.99783	
1.0288E-5	0.984709	
1.0296E-5	0.958704	
1.0304E-5	0.934323	
1.0312E-5	0.915916	
1.032E-5	0.897133	
1.0328E-5	0.884908	
1.0336E-5	0.794413	
1.0344E-5	0.514726	
1.0352E-5	0.115248	
1.036E-5	-0.268718	
1.0368E-5	-0.573454	
1.0376E-5	-0.7843	
1.0384E-5	-0.911308	
1.0392E-5	-0.972594	
1.04E-5	-0.982194	
1.0408E-5	-0.963436	
1.0416E-5	-0.946886	
1.0424E-5	-0.942381	
1.0432E-5	-0.935566	
1.044E-5	-0.921471	
1.0448E-5	-0.919013	
1.0456E-5	-0.932749	
1.0464E-5	-0.951916	
1.0472E-5	-0.970214	
1.048E-5	-0.984712	
1.0488E-5	-0.994661	
1.0496E-5	-1.00054	
1.0504E-5	-1.00035	
1.0512E-5	-0.988048	
1.052E-5	-0.960951	
1.0528E-5	-0.932914	
1.0536E-5	-0.915992	
1.0544E-5	-0.907829	
1.0552E-5	-0.913153	
1.056E-5	-0.929278	
1.0568E-5	-0.945228	
1.0576E-5	-0.960658	
1.0584E-5	-0.975509	
1.0592E-5	-0.987332	
1.06E-5	-0.994977	
1.0608E-5	-0.998651	
1.0616E-5	-1.0002	
1.0624E-5	-1.00092	
1.0632E-5	-1.00055	
1.064E-5	-0.989751	
1.0648E-5	-0.962793	
1.0656E-5	-0.938607	
1.0664E-5	-0.929746	
1.0672E-5	-0.928707	
1.068E-5	-0.926339	
1.0688E-5	-0.921185	
1.0696E-5	-0.924953	
1.0704E-5	-0.936944	
1.0712E-5	-0.947293	
1.072E-5	-0.956768	
1.0728E-5	-0.964519	
1.0736E-5	-0.970339	
1.0744E-5	-0.967106	
1.0752E-5	-0.951232	
1.076E-5	-0.941885	
1.0768E-5	-0.943519	
1.0776E-5	-0.939759	
1.0784E-5	-0.931079	
1.0792E-5	-0.924114	
1.08E-5	-0.918018	
1.0808E-5	-0.921815	
1.0816E-5	-0.927997	
1.0824E-5	-0.920124	
1.0832E-5	-0.912919	
1.084E-5	-0.921278	
1.0848E-5	-0.930381	
1.0856E-5	-0.92296	
1.0864E-5	-0.911882	
1.0872E-5	-0.916435	
1.088E-5	-0.934079	
1.0888E-5	-0.952663	
1.0896E-5	-0.966033	
1.0904E-5	-0.976624	
1.0912E-5	-0.986145	
1.092E-5	-0.990988	
1.0928E-5	-0.990233	
1.0936E-5	-0.988624	
1.0944E-5	-0.980569	
1.0952E-5	-0.963388	
1.096E-5	-0.95361	
1.0968E-5	-0.94956	
1.0976E-5	-0.940911	
1.0984E-5	-0.938338	
1.0992E-5	-0.945181	
1.1E-5	-0.948675	
1.1008E-5	-0.945817	
1.1016E-5	-0.948142	
1.1024E-5	-0.958853	
1.1032E-5	-0.963638	
1.104E-5	-0.956536	
1.1048E-5	-0.952982	
1.1056E-5	-0.959908	
1.1064E-5	-0.970716	
1.1072E-5	-0.978381	
1.108E-5	-0.977274	
1.1088E-5	-0.962696	
1.1096E-5	-0.937298	
1.1104E-5	-0.916824	
1.1112E-5	-0.911445	
1.112E-5	-0.921342	
1.1128E-5	-0.940721	
1.1136E-5	-0.961194	
1.1144E-5	-0.978157	
1.1152E-5	-0.981261	
1.116E-5	-0.967276	
1.1168E-5	-0.945136	
1.1176E-5	-0.922883	
1.1184E-5	-0.916033	
1.1192E-5	-0.918355	
1.12E-5	-0.914512	
1.1208E-5	-0.917697	
1.1216E-5	-0.929684	
1.1224E-5	-0.932779	
1.1232E-5	-0.926086	
1.124E-5	-0.925237	
1.1248E-5	-0.936581	
1.1256E-5	-0.953859	
1.1264E-5	-0.965776	
1.1272E-5	-0.967776	
1.128E-5	-0.963191	
1.1288E-5	-0.944642	
1.1296E-5	-0.917125	
1.1304E-5	-0.902167	
1.1312E-5	-0.905059	
1.132E-5	-0.920959	
1.1328E-5	-0.943364	
1.1336E-5	-0.964836	
1.1344E-5	-0.979981	
1.1352E-5	-0.907905	
1.136E-5	-0.644012	
1.1368E-5	-0.241836	
1.1376E-5	0.169349	
1.1384E-5	0.509312	
1.1392E-5	0.74872	
1.14E-5	0.901816	
1.1408E-5	0.989286	
1.1416E-5	1.03129	
1.1424E-5	1.03616	
1.1432E-5	1.00896	
1.144E-5	0.972219	
1.1448E-5	0.935616	
1.1456E-5	0.899766	
1.1464E-5	0.87496	
1.1472E-5	0.865229	
1.148E-5	0.870843	
1.1488E-5	0.892729	
1.1496E-5	0.917799	
1.1504E-5	0.934339	
1.1512E-5	0.949097	
1.152E-5	0.964206	
1.1528E-5	0.973024	
1.1536E-5	0.976479	
1.1544E-5	0.980335	
1.1552E-5	0.976166	
1.156E-5	0.957834	
1.1568E-5	0.934351	
1.1576E-5	0.913732	
1.1584E-5	0.899997	
1.1592E-5	0.890291	
1.16E-5	0.891725	
1.1608E-5	0.906583	
1.1616E-5	0.919867	
1.1624E-5	0.920732	
1.1632E-5	0.907242	
1.164E-5	0.884357	
1.1648E-5	0.86216	
1.1656E-5	0.85059	
1.1664E-5	0.846857	
1.1672E-5	0.852117	
1.168E-5	0.874516	
1.1688E-5	0.907665	
1.1696E-5	0.933148	
1.1704E-5	0.943093	
1.1712E-5	0.950673	
1.172E-5	0.96318	
1.1728E-5	0.97596	
1.1736E-5	0.97783	
1.1744E-5	0.957289	
1.1752E-5	0.930245	
1.176E-5	0.921772	
1.1768E-5	0.932019	
1.1776E-5	0.949575	
1.1784E-5	0.963315	
1.1792E-5	0.968479	
1.18E-5	0.96209	
1.1808E-5	0.937657	
1.1816E-5	0.912268	
1.1824E-5	0.907919	
1.1832E-5	0.92099	
1.184E-5	0.936699	
1.1848E-5	0.947304	
1.1856E-5	0.956122	
1.1864E-5	0.965102	
1.1872E-5	0.96527	
1.188E-5	0.953832	
1.1888E-5	0.947756	
1.1896E-5	0.948202	
1.1904E-5	0.945593	
1.1912E-5	0.942887	
1.192E-5	0.941565	
1.1928E-5	0.945255	
1.1936E-5	0.954816	
1.1944E-5	0.961171	
1.1952E-5	0.955394	
1.196E-5	0.93781	
1.1968E-5	0.91221	
1.1976E-5	0.89118	
1.1984E-5	0.892269	
1.1992E-5	0.912664	
1.2E-5	0.933159	
1.2008E-5	0.934756	
1.2016E-5	0.922857	
1.2024E-5	0.921679	
1.2032E-5	0.935531	
1.204E-5	0.950019	
1.2048E-5	0.957936	
1.2056E-5	0.965356	
1.2064E-5	0.971429	
1.2072E-5	0.970966	
1.208E-5	0.964265	
1.2088E-5	0.954255	
1.2096E-5	0.951516	
1.2104E-5	0.950659	
1.2112E-5	0.93579	
1.212E-5	0.915617	
1.2128E-5	0.908735	
1.2136E-5	0.914309	
1.2144E-5	0.922962	
1.2152E-5	0.936472	
1.216E-5	0.944756	
1.2168E-5	0.93811	
1.2176E-5	0.932338	
1.2184E-5	0.935688	
1.2192E-5	0.945077	
1.22E-5	0.958898	
1.2208E-5	0.963871	
1.2216E-5	0.953731	
1.2224E-5	0.946402	
1.2232E-5	0.95108	
1.224E-5	0.961826	
1.2248E-5	0.97413	
1.2256E-5	0.984935	
1.2264E-5	0.992999	
1.2272E-5	0.998224	
1.228E-5	1.00097	
1.2288E-5	0.99398	
1.2296E-5	0.967207	
1.2304E-5	0.924664	
1.2312E-5	0.888072	
1.232E-5	0.88017	
1.2328E-5	0.89276	
1.2336E-5	0.907507	
1.2344E-5	0.922191	
1.2352E-5	0.93573	
1.236E-5	0.94502	
1.2368E-5	0.857095	
1.2376E-5	0.566924	
1.2384E-5	0.157404	
1.2392E-5	-0.237565	
1.24E-5	-0.56473	
1.2408E-5	-0.79882	
1.2416E-5	-0.933714	
1.2424E-5	-0.984552	
1.2432E-5	-0.9846	
1.244E-5	-0.974485	
1.2448E-5	-0.963425	
1.2456E-5	-0.945814	
1.2464E-5	-0.929434	
1.2472E-5	-0.914267	
1.248E-5	-0.906449	
1.2488E-5	-0.912165	
1.2496E-5	-0.925078	
1.2504E-5	-0.942536	
1.2512E-5	-0.9604	
1.252E-5	-0.973834	
1.2528E-5	-0.980878	
1.2536E-5	-0.981743	
1.2544E-5	-0.977965	
1.2552E-5	-0.970857	
1.256E-5	-0.963156	
1.2568E-5	-0.956896	
1.2576E-5	-0.957283	
1.2584E-5	-0.956027	
1.2592E-5	-0.937268	
1.26E-5	-0.915087	
1.2608E-5	-0.912249	
1.2616E-5	-0.921936	
1.2624E-5	-0.925344	
1.2632E-5	-0.918001	
1.264E-5	-0.904945	
1.2648E-5	-0.892001	
1.2656E-5	-0.888109	
1.2664E-5	-0.898092	
1.2672E-5	-0.915938	
1.268E-5	-0.934287	
1.2688E-5	-0.947705	
1.2696E-5	-0.949423	
1.2704E-5	-0.941695	
1.2712E-5	-0.932624	
1.272E-5	-0.924711	
1.2728E-5	-0.917677	
1.2736E-5	-0.901819	
1.2744E-5	-0.884261	
1.2752E-5	-0.880508	
1.276E-5	-0.883287	
1.2768E-5	-0.885331	
1.2776E-5	-0.885538	
1.2784E-5	-0.891129	
1.2792E-5	-0.900425	
1.28E-5	-0.904665	
1.2808E-5	-0.914985	
1.2816E-5	-0.935748	
1.2824E-5	-0.954497	
1.2832E-5	-0.959281	
1.284E-5	-0.946608	
1.2848E-5	-0.930349	
1.2856E-5	-0.926804	
1.2864E-5	-0.931861	
1.2872E-5	-0.938187	
1.288E-5	-0.944072	
1.2888E-5	-0.947195	
1.2896E-5	-0.953423	
1.2904E-5	-0.960942	
1.2912E-5	-0.95466	
1.292E-5	-0.937941	
1.2928E-5	-0.932238	
1.2936E-5	-0.938238	
1.2944E-5	-0.945187	
1.2952E-5	-0.949405	
1.296E-5	-0.949587	
1.2968E-5	-0.950537	
1.2976E-5	-0.947192	
1.2984E-5	-0.937469	
1.2992E-5	-0.933494	
1.3E-5	-0.938198	
1.3008E-5	-0.94216	
1.3016E-5	-0.934688	
1.3024E-5	-0.920557	
1.3032E-5	-0.914871	
1.304E-5	-0.9218	
1.3048E-5	-0.935282	
1.3056E-5	-0.944444	
1.3064E-5	-0.944732	
1.3072E-5	-0.942792	
1.308E-5	-0.942288	
1.3088E-5	-0.946397	
1.3096E-5	-0.952332	
1.3104E-5	-0.946073	
1.3112E-5	-0.929924	
1.312E-5	-0.925148	
1.3128E-5	-0.932213	
1.3136E-5	-0.939402	
1.3144E-5	-0.944208	
1.3152E-5	-0.935444	
1.316E-5	-0.914081	
1.3168E-5	-0.90373	
1.3176E-5	-0.91136	
1.3184E-5	-0.922821	
1.3192E-5	-0.931711	
1.32E-5	-0.943064	
1.3208E-5	-0.958269	
1.3216E-5	-0.973449	
1.3224E-5	-0.984755	
1.3232E-5	-0.991012	
1.324E-5	-0.986673	
1.3248E-5	-0.960972	
1.3256E-5	-0.927531	
1.3264E-5	-0.908	
1.3272E-5	-0.902442	
1.328E-5	-0.911245	
1.3288E-5	-0.93195	
1.3296E-5	-0.954694	
1.3304E-5	-0.970556	
1.3312E-5	-0.976426	
1.332E-5	-0.979978	
1.3328E-5	-0.98211	
1.3336E-5	-0.972964	
1.3344E-5	-0.951002	
1.3352E-5	-0.93091	
1.336E-5	-0.918338	
1.3368E-5	-0.909146	
1.3376E-5	-0.912682	
1.3384E-5	-0.847929	
1.3392E-5	-0.586886	
1.34E-5	-0.176685	
1.3408E-5	0.232093	
1.3416E-5	0.557742	
1.3424E-5	0.786159	
1.3432E-5	0.923033	
1.344E-5	0.99049	
1.3448E-5	1.02035	
1.3456E-5	1.02998	
1.3464E-5	1.01925	
1.3472E-5	0.989687	
1.348E-5	0.953884	
1.3488E-5	0.917381	
1.3496E-5	0.883367	
1.3504E-5	0.85318	
1.3512E-5	0.830492	
1.352E-5	0.827602	
1.3528E-5	0.841942	
1.3536E-5	0.854206	
1.3544E-5	0.859406	
1.3552E-5	0.870018	
1.356E-5	0.884962	
1.3568E-5	0.897234	
1.3576E-5	0.914506	
1.3584E-5	0.938545	
1.3592E-5	0.961119	
1.36E-5	0.978054	
1.3608E-5	0.989465	
1.3616E-5	0.988081	
1.3624E-5	0.963743	
1.3632E-5	0.927619	
1.364E-5	0.904131	
1.3648E-5	0.904903	
1.3656E-5	0.922802	
1.3664E-5	0.94583	
1.3672E-5	0.961786	
1.368E-5	0.965146	
1.3688E-5	0.966206	
1.3696E-5	0.972112	
1.3704E-5	0.980142	
1.3712E-5	0.981225	
1.372E-5	0.972179	
1.3728E-5	0.964877	
1.3736E-5	0.960357	
1.3744E-5	0.95501	
1.3752E-5	0.956173	
1.376E-5	0.964812	
1.3768E-5	0.97485	
1.3776E-5	0.977104	
1.3784E-5	0.969844	
1.3792E-5	0.965862	
1.38E-5	0.970174	
1.3808E-5	0.977778	
1.3816E-5	0.985588	
1.3824E-5	0.986642	
1.3832E-5	0.972922	
1.384E-5	0.945033	
1.3848E-5	0.9082	
1.3856E-5	0.873646	
1.3864E-5	0.858126	
1.3872E-5	0.868602	
1.388E-5	0.893047	
1.3888E-5	0.917338	
1.3896E-5	0.940793	
1.3904E-5	0.963231	
1.3912E-5	0.980422	
1.392E-5	0.991249	
1.3928E-5	0.99291	
1.3936E-5	0.97947	
1.3944E-5	0.958999	
1.3952E-5	0.94924	
1.396E-5	0.952919	
1.3968E-5	0.957038	
1.3976E-5	0.955367	
1.3984E-5	0.950861	
1.3992E-5	0.945119	
1.4E-5	0.946115	
1.4008E-5	0.949729	
1.4016E-5	0.947168	
1.4024E-5	0.938302	
1.4032E-5	0.922018	
1.404E-5	0.91044	
1.4048E-5	0.91308	
1.4056E-5	0.927414	
1.4064E-5	0.947826	
1.4072E-5	0.960128	
1.408E-5	0.958806	
1.4088E-5	0.958374	
1.4096E-5	0.958332	
1.4104E-5	0.951011	
1.4112E-5	0.948939	
1.412E-5	0.946631	
1.4128E-5	0.923063	
1.4136E-5	0.893197	
1.4144E-5	0.887318	
1.4152E-5	0.895054	
1.416E-5	0.889017	
1.4168E-5	0.869798	
1.4176E-5	0.857906	
1.4184E-5	0.86948	
1.4192E-5	0.891579	
1.42E-5	0.907115	
1.4208E-5	0.923029	
1.4216E-5	0.934988	
1.4224E-5	0.936287	
1.4232E-5	0.94097	
1.424E-5	0.951335	
1.4248E-5	0.959771	
1.4256E-5	0.968508	
1.4264E-5	0.978595	
1.4272E-5	0.981534	
1.428E-5	0.970044	
1.4288E-5	0.945185	
1.4296E-5	0.918764	
1.4304E-5	0.90111	
1.4312E-5	0.883081	
1.432E-5	0.86971	
1.4328E-5	0.875756	
1.4336E-5	0.888688	
1.4344E-5	0.899282	
1.4352E-5	0.914945	
1.436E-5	0.931745	
1.4368E-5	0.937575	
1.4376E-5	0.935368	
1.4384E-5	0.931553	
1.4392E-5	0.926143	
1.44E-5	0.841399	
1.4408E-5	0.568853	
1.4416E-5	0.165384	
1.4424E-5	-0.239524	
1.4432E-5	-0.570069	
1.444E-5	-0.794811	
1.4448E-5	-0.928564	
1.4456E-5	-0.996417	
1.4464E-5	-1.01785	
1.4472E-5	-1.00797	
1.448E-5	-0.984858	
1.4488E-5	-0.964953	
1.4496E-5	-0.948512	
1.4504E-5	-0.931264	
1.4512E-5	-0.919296	
1.452E-5	-0.910628	
1.4528E-5	-0.895545	
1.4536E-5	-0.881889	
1.4544E-5	-0.887373	
1.4552E-5	-0.910598	
1.456E-5	-0.938014	
1.4568E-5	-0.959364	
1.4576E-5	-0.970731	
1.4584E-5	-0.974536	
1.4592E-5	-0.973014	
1.46E-5	-0.963992	
1.4608E-5	-0.947922	
1.4616E-5	-0.939819	
1.4624E-5	-0.944768	
1.4632E-5	-0.944405	
1.464E-5	-0.930018	
1.4648E-5	-0.91112	
1.4656E-5	-0.896181	
1.4664E-5	-0.890385	
1.4672E-5	-0.891135	
1.468E-5	-0.896109	
1.4688E-5	-0.904191	
1.4696E-5	-0.903377	
1.4704E-5	-0.889977	
1.4712E-5	-0.874964	
1.472E-5	-0.870906	
1.4728E-5	-0.878126	
1.4736E-5	-0.888543	
1.4744E-5	-0.90318	
1.4752E-5	-0.921754	
1.476E-5	-0.939273	
1.4768E-5	-0.953459	
1.4776E-5	-0.960403	
1.4784E-5	-0.953654	
1.4792E-5	-0.941385	
1.48E-5	-0.940312	
1.4808E-5	-0.950789	
1.4816E-5	-0.963823	
1.4824E-5	-0.974516	
1.4832E-5	-0.981133	
1.484E-5	-0.982727	
1.4848E-5	-0.975906	
1.4856E-5	-0.958092	
1.4864E-5	-0.931506	
1.4872E-5	-0.906309	
1.488E-5	-0.899526	
1.4888E-5	-0.902056	
1.4896E-5	-0.894887	
1.4904E-5	-0.890286	
1.4912E-5	-0.901665	
1.492E-5	-0.913404	
1.4928E-5	-0.915147	
1.4936E-5	-0.921315	
1.4944E-5	-0.928149	
1.4952E-5	-0.926349	
1.496E-5	-0.92257	
1.4968E-5	-0.916822	
1.4976E-5	-0.910513	
1.4984E-5	-0.907674	
1.4992E-5	-0.913489	
1.5E-5	-0.930298	
1.5008E-5	-0.951431	
1.5016E-5	-0.962437	
1.5024E-5	-0.958078	
1.5032E-5	-0.948928	
1.504E-5	-0.935223	
1.5048E-5	-0.921318	
1.5056E-5	-0.913718	
1.5064E-5	-0.910147	
1.5072E-5	-0.917607	
1.508E-5	-0.929371	
1.5088E-5	-0.925117	
1.5096E-5	-0.912019	
1.5104E-5	-0.908906	
1.5112E-5	-0.916074	
1.512E-5	-0.931032	
1.5128E-5	-0.942428	
1.5136E-5	-0.941279	
1.5144E-5	-0.938921	
1.5152E-5	-0.941159	
1.516E-5	-0.940621	
1.5168E-5	-0.93366	
1.5176E-5	-0.932878	
1.5184E-5	-0.944357	
1.5192E-5	-0.960151	
1.52E-5	-0.975021	
1.5208E-5	-0.986822	
1.5216E-5	-0.995056	
1.5224E-5	-0.996473	
1.5232E-5	-0.990724	
1.524E-5	-0.975832	
1.5248E-5	-0.945779	
1.5256E-5	-0.917321	
1.5264E-5	-0.911854	
1.5272E-5	-0.920519	
1.528E-5	-0.92869	
1.5288E-5	-0.932517	
1.5296E-5	-0.932749	
1.5304E-5	-0.938684	
1.5312E-5	-0.950776	
1.532E-5	-0.961529	
1.5328E-5	-0.964462	
1.5336E-5	-0.957832	
1.5344E-5	-0.951961	
1.5352E-5	-0.950076	
1.536E-5	-0.944507	
1.5368E-5	-0.935571	
1.5376E-5	-0.927471	
1.5384E-5	-0.920389	
1.5392E-5	-0.923359	
1.54E-5	-0.938958	
1.5408E-5	-0.957899	
1.5416E-5	-0.894897	
1.5424E-5	-0.634461	
1.5432E-5	-0.235065	
1.544E-5	0.160466	
1.5448E-5	0.48208	
1.5456E-5	0.708901	
1.5464E-5	0.856053	
1.5472E-5	0.941847	
1.548E-5	0.979331	
1.5488E-5	0.985689	
1.5496E-5	0.973683	
1.5504E-5	0.956293	
1.5512E-5	0.933218	
1.552E-5	0.903612	
1.5528E-5	0.883245	
1.5536E-5	0.879692	
1.5544E-5	0.886586	
1.5552E-5	0.904295	
1.556E-5	0.925252	
1.5568E-5	0.938273	
1.5576E-5	0.950082	
1.5584E-5	0.958765	
1.5592E-5	0.952709	
1.56E-5	0.934698	
1.5608E-5	0.920013	
1.5616E-5	0.92153	
1.5624E-5	0.936727	
1.5632E-5	0.955293	
1.564E-5	0.971541	
1.5648E-5	0.983005	
1.5656E-5	0.982839	
1.5664E-5	0.971675	
1.5672E-5	0.957683	
1.568E-5	0.933429	
1.5688E-5	0.901454	
1.5696E-5	0.879959	
1.5704E-5	0.871898	
1.5712E-5	0.867607	
1.572E-5	0.866108	
1.5728E-5	0.87707	
1.5736E-5	0.891878	
1.5744E-5	0.90191	
1.5752E-5	0.90967	
1.576E-5	0.909902	
1.5768E-5	0.904735	
1.5776E-5	0.897916	
1.5784E-5	0.895481	
1.5792E-5	0.897572	
1.58E-5	0.89514	
1.5808E-5	0.888696	
1.5816E-5	0.881961	
1.5824E-5	0.886875	
1.5832E-5	0.906458	
1.584E-5	0.921623	
1.5848E-5	0.921763	
1.5856E-5	0.914439	
1.5864E-5	0.910824	
1.5872E-5	0.916292	
1.588E-5	0.928191	
1.5888E-5	0.944305	
1.5896E-5	0.962483	
1.5904E-5	0.978326	
1.5912E-5	0.990093	
1.592E-5	0.997687	
1.5928E-5	0.993118	
1.5936E-5	0.973758	
1.5944E-5	0.948307	
1.5952E-5	0.920756	
1.596E-5	0.905092	
1.5968E-5	0.907961	
1.5976E-5	0.91905	
1.5984E-5	0.935079	
1.5992E-5	0.953536	
1.6E-5	0.970472	
1.6008E-5	0.98215	
1.6016E-5	0.976967	
1.6024E-5	0.950178	
1.6032E-5	0.914476	
1.604E-5	0.887229	
1.6048E-5	0.878945	
1.6056E-5	0.879132	
1.6064E-5	0.881131	
1.6072E-5	0.886845	
1.608E-5	0.89046	
1.6088E-5	0.900144	
1.6096E-5	0.921805	
1.6104E-5	0.940125	
1.6112E-5	0.944542	
1.612E-5	0.943507	
1.6128E-5	0.939625	
1.6136E-5	0.932814	
1.6144E-5	0.935038	
1.6152E-5	0.942739	
1.616E-5	0.946348	
1.6168E-5	0.94698	
1.6176E-5	0.945732	
1.6184E-5	0.947491	
1.6192E-5	0.954101	
1.62E-5	0.956969	
1.6208E-5	0.941728	
1.6216E-5	0.91149	
1.6224E-5	0.886266	
1.6232E-5	0.876686	
1.624E-5	0.876425	
1.6248E-5	0.878361	
1.6256E-5	0.888505	
1.6264E-5	0.89736	
1.6272E-5	0.895992	
1.628E-5	0.901062	
1.6288E-5	0.909808	
1.6296E-5	0.910578	
1.6304E-5	0.917358	
1.6312E-5	0.93592	
1.632E-5	0.956324	
1.6328E-5	0.973335	
1.6336E-5	0.986072	
1.6344E-5	0.993458	
1.6352E-5	0.995427	
1.636E-5	0.995216	
1.6368E-5	0.990152	
1.6376E-5	0.97096	
1.6384E-5	0.935131	
1.6392E-5	0.901076	
1.64E-5	0.892657	
1.6408E-5	0.908302	
1.6416E-5	0.925438	
1.6424E-5	0.929687	
1.6432E-5	0.846734	
1.644E-5	0.569786	
1.6448E-5	0.151578	
1.6456E-5	-0.256347	
1.6464E-5	-0.573628	
1.6472E-5	-0.798084	
1.648E-5	-0.937416	
1.6488E-5	-1.00087	
1.6496E-5	-1.01511	
1.6504E-5	-1.00232	
1.6512E-5	-0.98711	
1.652E-5	-0.981997	
1.6528E-5	-0.982798	
1.6536E-5	-0.986356	
1.6544E-5	-0.989226	
1.6552E-5	-0.980795	
1.656E-5	-0.960735	
1.6568E-5	-0.949085	
1.6576E-5	-0.952749	
1.6584E-5	-0.962311	
1.6592E-5	-0.962116	
1.66E-5	-0.937772	
1.6608E-5	-0.905785	
1.6616E-5	-0.895582	
1.6624E-5	-0.900798	
1.6632E-5	-0.896533	
1.664E-5	-0.888216	
1.6648E-5	-0.892561	
1.6656E-5	-0.907123	
1.6664E-5	-0.927724	
1.6672E-5	-0.950876	
1.668E-5	-0.9691	
1.6688E-5	-0.975746	
1.6696E-5	-0.966632	
1.6704E-5	-0.951291	
1.6712E-5	-0.938079	
1.672E-5	-0.926206	
1.6728E-5	-0.925587	
1.6736E-5	-0.932285	
1.6744E-5	-0.930165	
1.6752E-5	-0.922813	
1.676E-5	-0.921879	
1.6768E-5	-0.923877	
1.6776E-5	-0.914726	
1.6784E-5	-0.894038	
1.6792E-5	-0.870352	
1.68E-5	-0.851836	
1.6808E-5	-0.850428	
1.6816E-5	-0.871581	
1.6824E-5	-0.905681	
1.6832E-5	-0.936216	
1.684E-5	-0.94542	
1.6848E-5	-0.931162	
1.6856E-5	-0.91478	
1.6864E-5	-0.912738	
1.6872E-5	-0.925281	
1.688E-5	-0.940401	
1.6888E-5	-0.946048	
1.6896E-5	-0.947695	
1.6904E-5	-0.95202	
1.6912E-5	-0.953513	
1.692E-5	-0.952884	
1.6928E-5	-0.957805	
1.6936E-5	-0.958448	
1.6944E-5	-0.943079	
1.6952E-5	-0.928016	
1.696E-5	-0.929244	
1.6968E-5	-0.94205	
1.6976E-5	-0.958461	
1.6984E-5	-0.96428	
1.6992E-5	-0.954341	
1.7E-5	-0.947555	
1.7008E-5	-0.952485	
1.7016E-5	-0.962977	
1.7024E-5	-0.9716	
1.7032E-5	-0.967509	
1.704E-5	-0.94682	
1.7048E-5	-0.922878	
1.7056E-5	-0.914716	
1.7064E-5	-0.924942	
1.7072E-5	-0.9426	
1.708E-5	-0.956483	
1.7088E-5	-0.964217	
1.7096E-5	-0.971671	
1.7104E-5	-0.979158	
1.7112E-5	-0.975742	
1.712E-5	-0.960724	
1.7128E-5	-0.949812	
1.7136E-5	-0.939388	
1.7144E-5	-0.921007	
1.7152E-5	-0.907331	
1.716E-5	-0.898213	
1.7168E-5	-0.879761	
1.7176E-5	-0.86229	
1.7184E-5	-0.861973	
1.7192E-5	-0.867551	
1.72E-5	-0.867166	
1.7208E-5	-0.870308	
1.7216E-5	-0.884936	
1.7224E-5	-0.896606	
1.7232E-5	-0.89699	
1.724E-5	-0.896976	
1.7248E-5	-0.901125	
1.7256E-5	-0.911898	
1.7264E-5	-0.922199	
1.7272E-5	-0.921806	
1.728E-5	-0.923344	
1.7288E-5	-0.932374	
1.7296E-5	-0.936896	
1.7304E-5	-0.930452	
1.7312E-5	-0.915041	
1.732E-5	-0.901286	
1.7328E-5	-0.900932	
1.7336E-5	-0.909558	
1.7344E-5	-0.917727	
1.7352E-5	-0.92114	
1.736E-5	-0.918547	
1.7368E-5	-0.913852	
1.7376E-5	-0.909346	
1.7384E-5	-0.914817	
1.7392E-5	-0.932478	
1.74E-5	-0.946036	
1.7408E-5	-0.940669	
1.7416E-5	-0.924813	
1.7424E-5	-0.91231	
1.7432E-5	-0.90324	
1.744E-5	-0.900198	
1.7448E-5	-0.816722	
1.7456E-5	-0.542743	
1.7464E-5	-0.142832	
1.7472E-5	0.250915	
1.748E-5	0.570584	
1.7488E-5	0.789615	
1.7496E-5	0.912612	
1.7504E-5	0.971213	
1.7512E-5	0.999235	
1.752E-5	1.0099	
1.7528E-5	1.00322	
1.7536E-5	0.985873	
1.7544E-5	0.964414	
1.7552E-5	0.941096	
1.756E-5	0.926511	
1.7568E-5	0.924244	
1.7576E-5	0.932776	
1.7584E-5	0.947149	
1.7592E-5	0.949096	
1.76E-5	0.929669	
1.7608E-5	0.909344	
1.7616E-5	0.909416	
1.7624E-5	0.926147	
1.7632E-5	0.939092	
1.764E-5	0.937224	
1.7648E-5	0.933511	
1.7656E-5	0.935562	
1.7664E-5	0.938486	
1.7672E-5	0.942925	
1.768E-5	0.952674	
1.7688E-5	0.955832	
1.7696E-5	0.944828	
1.7704E-5	0.936879	
1.7712E-5	0.939531	
1.772E-5	0.940883	
1.7728E-5	0.936013	
1.7736E-5	0.927152	
1.7744E-5	0.912316	
1.7752E-5	0.893713	
1.776E-5	0.879981	
1.7768E-5	0.884994	
1.7776E-5	0.899957	
1.7784E-5	0.900476	
1.7792E-5	0.894598	
1.78E-5	0.893191	
1.7808E-5	0.881993	
1.7816E-5	0.863097	
1.7824E-5	0.859092	
1.7832E-5	0.875653	
1.784E-5	0.894925	
1.7848E-5	0.904225	
1.7856E-5	0.90434	
1.7864E-5	0.891513	
1.7872E-5	0.866417	
1.788E-5	0.843897	
1.7888E-5	0.832902	
1.7896E-5	0.833785	
1.7904E-5	0.843224	
1.7912E-5	0.855843	
1.792E-5	0.871023	
1.7928E-5	0.885283	
1.7936E-5	0.898738	
1.7944E-5	0.907853	
1.7952E-5	0.912347	
1.796E-5	0.916651	
1.7968E-5	0.918753	
1.7976E-5	0.927067	
1.7984E-5	0.937825	
1.7992E-5	0.938435	
1.8E-5	0.936733	
1.8008E-5	0.933008	
1.8016E-5	0.923735	
1.8024E-5	0.919427	
1.8032E-5	0.914288	
1.804E-5	0.895482	
1.8048E-5	0.871107	
1.8056E-5	0.860731	
1.8064E-5	0.867823	
1.8072E-5	0.882958	
1.808E-5	0.898424	
1.8088E-5	0.909252	
1.8096E-5	0.923546	
1.8104E-5	0.935314	
1.8112E-5	0.927995	
1.812E-5	0.915617	
1.8128E-5	0.914667	
1.8136E-5	0.921808	
1.8144E-5	0.928832	
1.8152E-5	0.925676	
1.816E-5	0.918691	
1.8168E-5	0.923779	
1.8176E-5	0.940118	
1.8184E-5	0.954374	
1.8192E-5	0.960162	
1.82E-5	0.965528	
1.8208E-5	0.969039	
1.8216E-5	0.954736	
1.8224E-5	0.928978	
1.8232E-5	0.916068	
1.824E-5	0.920115	
1.8248E-5	0.927863	
1.8256E-5	0.924796	
1.8264E-5	0.90847	
1.8272E-5	0.894726	
1.828E-5	0.893193	
1.8288E-5	0.898326	
1.8296E-5	0.906551	
1.8304E-5	0.913747	
1.8312E-5	0.921705	
1.832E-5	0.936841	
1.8328E-5	0.949757	
1.8336E-5	0.949966	
1.8344E-5	0.93746	
1.8352E-5	0.920686	
1.836E-5	0.90879	
1.8368E-5	0.897316	
1.8376E-5	0.891909	
1.8384E-5	0.904183	
1.8392E-5	0.927883	
1.84E-5	0.952816	
1.8408E-5	0.973027	
1.8416E-5	0.979736	
1.8424E-5	0.972565	
1.8432E-5	0.963284	
1.844E-5	0.948951	
1.8448E-5	0.930445	
1.8456E-5	0.92575	
1.8464E-5	0.851032	
1.8472E-5	0.586322	
1.848E-5	0.195562	
1.8488E-5	-0.182922	
1.8496E-5	-0.482336	
1.8504E-5	-0.693073	
1.8512E-5	-0.839309	
1.852E-5	-0.937937	
1.8528E-5	-0.996408	
1.8536E-5	-1.02064	
1.8544E-5	-1.02031	
1.8552E-5	-1.00237	
1.856E-5	-0.965478	
1.8568E-5	-0.928774	
1.8576E-5	-0.916451	
1.8584E-5	-0.923666	
1.8592E-5	-0.935459	
1.86E-5	-0.94791	
1.8608E-5	-0.959833	
1.8616E-5	-0.964084	
1.8624E-5	-0.961504	
1.8632E-5	-0.962815	
1.864E-5	-0.970316	
1.8648E-5	-0.969616	
1.8656E-5	-0.950308	
1.8664E-5	-0.930432	
1.8672E-5	-0.925445	
1.868E-5	-0.920853	
1.8688E-5	-0.911002	
1.8696E-5	-0.913084	
1.8704E-5	-0.923807	
1.8712E-5	-0.929075	
1.872E-5	-0.926109	
1.8728E-5	-0.91783	
1.8736E-5	-0.919385	
1.8744E-5	-0.935024	
1.8752E-5	-0.947347	
1.876E-5	-0.941198	
1.8768E-5	-0.925182	
1.8776E-5	-0.919725	
1.8784E-5	-0.923361	
1.8792E-5	-0.926191	
1.88E-5	-0.925004	
1.8808E-5	-0.918434	
1.8816E-5	-0.916182	
1.8824E-5	-0.924129	
1.8832E-5	-0.939384	
1.884E-5	-0.952107	
1.8848E-5	-0.955294	
1.8856E-5	-0.955101	
1.8864E-5	-0.949374	
1.8872E-5	-0.932418	
1.888E-5	-0.915123	
1.8888E-5	-0.914474	
1.8896E-5	-0.920726	
1.8904E-5	-0.920004	
1.8912E-5	-0.925188	
1.892E-5	-0.9336	
1.8928E-5	-0.925683	
1.8936E-5	-0.910691	
1.8944E-5	-0.911361	
1.8952E-5	-0.926403	
1.896E-5	-0.944094	
1.8968E-5	-0.952977	
1.8976E-5	-0.948486	
1.8984E-5	-0.946179	
1.8992E-5	-0.954412	
1.9E-5	-0.959727	
1.9008E-5	-0.955476	
1.9016E-5	-0.949086	
1.9024E-5	-0.944589	
1.9032E-5	-0.939566	
1.904E-5	-0.928067	
1.9048E-5	-0.916737	
1.9056E-5	-0.91188	
1.9064E-5	-0.905303	
1.9072E-5	-0.899091	
1.908E-5	-0.903905	
1.9088E-5	-0.911817	
1.9096E-5	-0.912697	
1.9104E-5	-0.917171	
1.9112E-5	-0.925425	
1.912E-5	-0.93207	
1.9128E-5	-0.935528	
1.9136E-5	-0.925726	
1.9144E-5	-0.910009	
1.9152E-5	-0.908025	
1.916E-5	-0.922327	
1.9168E-5	-0.940086	
1.9176E-5	-0.952656	
1.9184E-5	-0.954586	
1.9192E-5	-0.94216	
1.92E-5	-0.929433	
1.9208E-5	-0.923287	
1.9216E-5	-0.920366	
1.9224E-5	-0.922877	
1.9232E-5	-0.928985	
1.924E-5	-0.93542	
1.9248E-5	-0.938297	
1.9256E-5	-0.941677	
1.9264E-5	-0.951176	
1.9272E-5	-0.963441	
1.928E-5	-0.975508	
1.9288E-5	-0.982237	
1.9296E-5	-0.981367	
1.9304E-5	-0.977125	
1.9312E-5	-0.972208	
1.932E-5	-0.971393	
1.9328E-5	-0.97627	
1.9336E-5	-0.974493	
1.9344E-5	-0.961203	
1.9352E-5	-0.953265	
1.936E-5	-0.957983	
1.9368E-5	-0.962735	
1.9376E-5	-0.96129	
1.9384E-5	-0.954116	
1.9392E-5	-0.942483	
1.94E-5	-0.929669	
1.9408E-5	-0.91748	
1.9416E-5	-0.917277	
1.9424E-5	-0.929797	
1.9432E-5	-0.943637	
1.944E-5	-0.958193	
1.9448E-5	-0.971972	
1.9456E-5	-0.980991	
1.9464E-5	-0.985865	
1.9472E-5	-0.989148	
1.948E-5	-0.908544	
1.9488E-5	-0.632547	
1.9496E-5	-0.217916	
1.9504E-5	0.202358	
1.9512E-5	0.554819	
1.952E-5	0.80999	
1.9528E-5	0.970518	
1.9536E-5	1.04803	
1.9544E-5	1.0616	
1.9552E-5	1.04024	
1.956E-5	1.0041	
1.9568E-5	0.969476	
1.9576E-5	0.941938	
1.9584E-5	0.912232	
1.9592E-5	0.888191	
1.96E-5	0.881738	
1.9608E-5	0.889851	
1.9616E-5	0.905703	
1.9624E-5	0.922795	
1.9632E-5	0.936739	
1.964E-5	0.936862	
1.9648E-5	0.919906	
1.9656E-5	0.905605	
1.9664E-5	0.910163	
1.9672E-5	0.924433	
1.968E-5	0.933306	
1.9688E-5	0.939399	
1.9696E-5	0.948662	
1.9704E-5	0.958356	
1.9712E-5	0.9678	
1.972E-5	0.97131	
1.9728E-5	0.962935	
1.9736E-5	0.954396	
1.9744E-5	0.956222	
1.9752E-5	0.955586	
1.976E-5	0.944246	
1.9768E-5	0.929847	
1.9776E-5	0.916711	
1.9784E-5	0.908038	
1.9792E-5	0.904552	
1.98E-5	0.91235	
1.9808E-5	0.932331	
1.9816E-5	0.94994	
1.9824E-5	0.958427	
1.9832E-5	0.965556	
1.984E-5	0.966657	
1.9848E-5	0.955866	
1.9856E-5	0.947482	
1.9864E-5	0.938035	
1.9872E-5	0.919505	
1.988E-5	0.900291	
1.9888E-5	0.887592	
1.9896E-5	0.892604	
1.9904E-5	0.90482	
1.9912E-5	0.908278	
1.992E-5	0.906742	
1.9928E-5	0.898323	
1.9936E-5	0.889585	
1.9944E-5	0.89315	
1.9952E-5	0.909173	
1.996E-5	0.920001	
1.9968E-5	0.910842	
1.9976E-5	0.889619	
1.9984E-5	0.864568	
1.9992E-5	0.846906	
2E-5	0.85215	
2.0008E-5	0.87187	
2.0016E-5	0.889926	
2.0024E-5	0.910687	
2.0032E-5	0.936836	
2.004E-5	0.961333	
2.0048E-5	0.978183	
2.0056E-5	0.985857	
2.0064E-5	0.981859	
2.0072E-5	0.96711	
2.008E-5	0.95101	
2.0088E-5	0.932319	
2.0096E-5	0.916543	
2.0104E-5	0.913447	
2.0112E-5	0.914093	
2.012E-5	0.911306	
2.0128E-5	0.905382	
2.0136E-5	0.898709	
2.0144E-5	0.899952	
2.0152E-5	0.904709	
2.016E-5	0.903749	
2.0168E-5	0.90419	
2.0176E-5	0.905247	
2.0184E-5	0.898034	
2.0192E-5	0.889046	
2.02E-5	0.891369	
2.0208E-5	0.899534	
2.0216E-5	0.901326	
2.0224E-5	0.89117	
2.0232E-5	0.878285	
2.024E-5	0.882454	
2.0248E-5	0.903369	
2.0256E-5	0.930058	
2.0264E-5	0.956054	
2.0272E-5	0.975403	
2.028E-5	0.986393	
2.0288E-5	0.982314	
2.0296E-5	0.96263	
2.0304E-5	0.939423	
2.0312E-5	0.91927	
2.032E-5	0.91299	
2.0328E-5	0.919426	
2.0336E-5	0.918829	
2.0344E-5	0.902998	
2.0352E-5	0.885407	
2.036E-5	0.873617	
2.0368E-5	0.866863	
2.0376E-5	0.873533	
2.0384E-5	0.889805	
2.0392E-5	0.909319	
2.04E-5	0.933196	
2.0408E-5	0.949947	
2.0416E-5	0.94807	
2.0424E-5	0.939964	
2.0432E-5	0.938387	
2.044E-5	0.940688	
2.0448E-5	0.94797	
2.0456E-5	0.960707	
2.0464E-5	0.974201	
2.0472E-5	0.980323	
2.048E-5	0.966578	
2.0488E-5	0.940983	
2.0496E-5	0.837181	
2.0504E-5	0.541887	
2.0512E-5	0.118636	
2.052E-5	-0.286887	
2.0528E-5	-0.605033	
2.0536E-5	-0.822343	
2.0544E-5	-0.957738	
2.0552E-5	-1.02541	
2.056E-5	-1.03092	
2.0568E-5	-1.00194	
2.0576E-5	-0.977703	
2.0584E-5	-0.959383	
2.0592E-5	-0.930552	
2.06E-5	-0.902817	
2.0608E-5	-0.894251	
2.0616E-5	-0.906264	
2.0624E-5	-0.929468	
2.0632E-5	-0.944953	
2.064E-5	-0.938961	
2.0648E-5	-0.920574	
2.0656E-5	-0.908275	
2.0664E-5	-0.910943	
2.0672E-5	-0.916296	
2.068E-5	-0.907252	
2.0688E-5	-0.894081	
2.0696E-5	-0.898233	
2.0704E-5	-0.911466	
2.0712E-5	-0.916326	
2.072E-5	-0.915048	
2.0728E-5	-0.907352	
2.0736E-5	-0.898468	
2.0744E-5	-0.895501	
2.0752E-5	-0.884902	
2.076E-5	-0.866248	
2.0768E-5	-0.852138	
2.0776E-5	-0.849472	
2.0784E-5	-0.86711	
2.0792E-5	-0.892484	
2.08E-5	-0.906535	
2.0808E-5	-0.917635	
2.0816E-5	-0.935681	
2.0824E-5	-0.95598	
2.0832E-5	-0.971834	
2.084E-5	-0.975202	
2.0848E-5	-0.967151	
2.0856E-5	-0.962793	
2.0864E-5	-0.967514	
2.0872E-5	-0.975833	
2.088E-5	-0.977058	
2.0888E-5	-0.967242	
2.0896E-5	-0.958703	
2.0904E-5	-0.957269	
2.0912E-5	-0.962023	
2.092E-5	-0.971367	
2.0928E-5	-0.973295	
2.0936E-5	-0.963253	
2.0944E-5	-0.957137	
2.0952E-5	-0.962037	
2.096E-5	-0.968635	
2.0968E-5	-0.966359	
2.0976E-5	-0.956362	
2.0984E-5	-0.942497	
2.0992E-5	-0.925964	
2.1E-5	-0.911714	
2.1008E-5	-0.901728	
2.1016E-5	-0.903611	
2.1024E-5	-0.918445	
2.1032E-5	-0.934793	
2.104E-5	-0.946729	
2.1048E-5	-0.958367	
2.1056E-5	-0.965358	
2.1064E-5	-0.953007	
2.1072E-5	-0.922185	
2.108E-5	-0.895455	
2.1088E-5	-0.893315	
2.1096E-5	-0.906241	
2.1104E-5	-0.918479	
2.1112E-5	-0.930051	
2.112E-5	-0.94098	
2.1128E-5	-0.946904	
2.1136E-5	-0.946817	
2.1144E-5	-0.945036	
2.1152E-5	-0.942259	
2.116E-5	-0.943115	
2.1168E-5	-0.952417	
2.1176E-5	-0.960137	
2.1184E-5	-0.96	
2.1192E-5	-0.96009	
2.12E-5	-0.954425	
2.1208E-5	-0.934686	
2.1216E-5	-0.918532	
2.1224E-5	-0.911759	
2.1232E-5	-0.906893	
2.124E-5	-0.913101	
2.1248E-5	-0.932189	
2.1256E-5	-0.954093	
2.1264E-5	-0.971184	
2.1272E-5	-0.974752	
2.128E-5	-0.967293	
2.1288E-5	-0.956299	
2.1296E-5	-0.941334	
2.1304E-5	-0.924957	
2.1312E-5	-0.90896	
2.132E-5	-0.896236	
2.1328E-5	-0.887853	
2.1336E-5	-0.885712	
2.1344E-5	-0.896905	
2.1352E-5	-0.912269	
2.136E-5	-0.91755	
2.1368E-5	-0.908507	
2.1376E-5	-0.894962	
2.1384E-5	-0.897459	
2.1392E-5	-0.910421	
2.14E-5	-0.918943	
2.1408E-5	-0.930897	
2.1416E-5	-0.945313	
2.1424E-5	-0.954058	
2.1432E-5	-0.962617	
2.144E-5	-0.971547	
2.1448E-5	-0.970863	
2.1456E-5	-0.958192	
2.1464E-5	-0.946518	
2.1472E-5	-0.947052	
2.148E-5	-0.953365	
2.1488E-5	-0.957629	
2.1496E-5	-0.958948	
2.1504E-5	-0.957416	
2.1512E-5	-0.869362	
2.152E-5	-0.577277	
2.1528E-5	-0.14453	
2.1536E-5	0.277363	
2.1544E-5	0.610949	
2.1552E-5	0.834183	
2.156E-5	0.952882	
2.1568E-5	0.989963	
2.1576E-5	0.987878	
2.1584E-5	0.982766	
2.1592E-5	0.983398	
2.16E-5	0.98384	
2.1608E-5	0.978942	
2.1616E-5	0.972488	
2.1624E-5	0.964707	
2.1632E-5	0.953989	
2.164E-5	0.95073	
2.1648E-5	0.95819	
2.1656E-5	0.962107	
2.1664E-5	0.954917	
2.1672E-5	0.947024	
2.168E-5	0.937264	
2.1688E-5	0.913083	
2.1696E-5	0.887359	
2.1704E-5	0.878021	
2.1712E-5	0.878603	
2.172E-5	0.881549	
2.1728E-5	0.880893	
2.1736E-5	0.874225	
2.1744E-5	0.875414	
2.1752E-5	0.884852	
2.176E-5	0.892494	
2.1768E-5	0.906955	
2.1776E-5	0.924104	
2.1784E-5	0.930259	
2.1792E-5	0.934938	
2.18E-5	0.94597	
2.1808E-5	0.953821	
2.1816E-5	0.944081	
2.1824E-5	0.923083	
2.1832E-5	0.911579	
2.184E-5	0.905943	
2.1848E-5	0.901875	
2.1856E-5	0.91096	
2.1864E-5	0.931839	
2.1872E-5	0.947125	
2.188E-5	0.939805	
2.1888E-5	0.911823	
2.1896E-5	0.884516	
2.1904E-5	0.878592	
2.1912E-5	0.89281	
2.192E-5	0.912185	
2.1928E-5	0.922828	
2.1936E-5	0.922963	
2.1944E-5	0.926859	
2.1952E-5	0.937811	
2.196E-5	0.950474	
2.1968E-5	0.956291	
2.1976E-5	0.950459	
2.1984E-5	0.947899	
2.1992E-5	0.95269	
2.2E-5	0.947041	
2.2008E-5	0.929561	
2.2016E-5	0.921381	
2.2024E-5	0.929431	
2.2032E-5	0.941078	
2.204E-5	0.946712	
2.2048E-5	0.950876	
2.2056E-5	0.956964	
2.2064E-5	0.951647	
2.2072E-5	0.934564	
2.208E-5	0.928047	
2.2088E-5	0.938097	
2.2096E-5	0.953823	
2.2104E-5	0.963523	
2.2112E-5	0.963797	
2.212E-5	0.965287	
2.2128E-5	0.964523	
2.2136E-5	0.954588	
2.2144E-5	0.949518	
2.2152E-5	0.952845	
2.216E-5	0.955908	
2.2168E-5	0.952166	
2.2176E-5	0.93486	
2.2184E-5	0.912891	
2.2192E-5	0.898308	
2.22E-5	0.885155	
2.2208E-5	0.874876	
2.2216E-5	0.88186	
2.2224E-5	0.904301	
2.2232E-5	0.923947	
2.224E-5	0.931529	
2.2248E-5	0.929915	
2.2256E-5	0.913182	
2.2264E-5	0.891007	
2.2272E-5	0.879218	
2.228E-5	0.874962	
2.2288E-5	0.880039	
2.2296E-5	0.893609	
2.2304E-5	0.914377	
2.2312E-5	0.940364	
2.232E-5	0.956747	
2.2328E-5	0.949678	
2.2336E-5	0.931463	
2.2344E-5	0.917463	
2.2352E-5	0.907061	
2.236E-5	0.899027	
2.2368E-5	0.881616	
2.2376E-5	0.862224	
2.2384E-5	0.866265	
2.2392E-5	0.890735	
2.24E-5	0.913145	
2.2408E-5	0.917795	
2.2416E-5	0.913251	
2.2424E-5	0.912777	
2.2432E-5	0.91563	
2.244E-5	0.925494	
2.2448E-5	0.93767	
2.2456E-5	0.933614	
2.2464E-5	0.91412	
2.2472E-5	0.897055	
2.248E-5	0.890723	
2.2488E-5	0.891609	
2.2496E-5	0.896781	
2.2504E-5	0.90978	
2.2512E-5	0.929068	
2.252E-5	0.949759	
2.2528E-5	0.887393	
2.2536E-5	0.632199	
2.2544E-5	0.237155	
2.2552E-5	-0.174826	
2.256E-5	-0.529704	
2.2568E-5	-0.791036	
2.2576E-5	-0.95477	
2.2584E-5	-1.03293	
2.2592E-5	-1.05372	
2.26E-5	-1.04748	
2.2608E-5	-1.03109	
2.2616E-5	-1.01509	
2.2624E-5	-1.00303	
2.2632E-5	-0.983575	
2.264E-5	-0.955289	
2.2648E-5	-0.939456	
2.2656E-5	-0.938894	
2.2664E-5	-0.942	
2.2672E-5	-0.950279	
2.268E-5	-0.960927	
2.2688E-5	-0.968164	
2.2696E-5	-0.974984	
2.2704E-5	-0.982949	
2.2712E-5	-0.983906	
2.272E-5	-0.970621	
2.2728E-5	-0.954386	
2.2736E-5	-0.950312	
2.2744E-5	-0.957478	
2.2752E-5	-0.963282	
2.276E-5	-0.957336	
2.2768E-5	-0.943222	
2.2776E-5	-0.927605	
2.2784E-5	-0.916619	
2.2792E-5	-0.914196	
2.28E-5	-0.918245	
2.2808E-5	-0.923735	
2.2816E-5	-0.926833	
2.2824E-5	-0.930074	
2.2832E-5	-0.934667	
2.284E-5	-0.944035	
2.2848E-5	-0.958965	
2.2856E-5	-0.973885	
2.2864E-5	-0.986038	
2.2872E-5	-0.987034	
2.288E-5	-0.969153	
2.2888E-5	-0.947212	
2.2896E-5	-0.940522	
2.2904E-5	-0.940672	
2.2912E-5	-0.934899	
2.292E-5	-0.931952	
2.2928E-5	-0.937017	
2.2936E-5	-0.94277	
2.2944E-5	-0.945447	
2.2952E-5	-0.948947	
2.296E-5	-0.957728	
2.2968E-5	-0.965035	
2.2976E-5	-0.957423	
2.2984E-5	-0.937348	
2.2992E-5	-0.918705	
2.3E-5	-0.909872	
2.3008E-5	-0.911517	
2.3016E-5	-0.91811	
2.3024E-5	-0.925046	
2.3032E-5	-0.931202	
2.304E-5	-0.935729	
2.3048E-5	-0.936037	
2.3056E-5	-0.932037	
2.3064E-5	-0.928155	
2.3072E-5	-0.932624	
2.308E-5	-0.94487	
2.3088E-5	-0.954882	
2.3096E-5	-0.960575	
2.3104E-5	-0.960676	
2.3112E-5	-0.953017	
2.312E-5	-0.939503	
2.3128E-5	-0.924807	
2.3136E-5	-0.916822	
2.3144E-5	-0.911465	
2.3152E-5	-0.907032	
2.316E-5	-0.913255	
2.3168E-5	-0.920685	
2.3176E-5	-0.915731	
2.3184E-5	-0.911375	
2.3192E-5	-0.916035	
2.32E-5	-0.919217	
2.3208E-5	-0.921679	
2.3216E-5	-0.932584	
2.3224E-5	-0.950387	
2.3232E-5	-0.964094	
2.324E-5	-0.96044	
2.3248E-5	-0.943905	
2.3256E-5	-0.936294	
2.3264E-5	-0.93848	
2.3272E-5	-0.936161	
2.328E-5	-0.932961	
2.3288E-5	-0.937952	
2.3296E-5	-0.947487	
2.3304E-5	-0.95762	
2.3312E-5	-0.960212	
2.332E-5	-0.946208	
2.3328E-5	-0.924907	
2.3336E-5	-0.9049	
2.3344E-5	-0.892572	
2.3352E-5	-0.89912	
2.336E-5	-0.920958	
2.3368E-5	-0.937908	
2.3376E-5	-0.94044	
2.3384E-5	-0.938238	
2.3392E-5	-0.928375	
2.34E-5	-0.912555	
2.3408E-5	-0.911331	
2.3416E-5	-0.92151	
2.3424E-5	-0.921332	
2.3432E-5	-0.909195	
2.344E-5	-0.897862	
2.3448E-5	-0.888144	
2.3456E-5	-0.880437	
2.3464E-5	-0.876528	
2.3472E-5	-0.871581	
2.348E-5	-0.86787	
2.3488E-5	-0.865361	
2.3496E-5	-0.859314	
2.3504E-5	-0.848263	
2.3512E-5	-0.832413	
2.352E-5	-0.825172	
2.3528E-5	-0.833472	
2.3536E-5	-0.845222	
2.3544E-5	-0.7761	
2.3552E-5	-0.523684	
2.356E-5	-0.150901	
2.3568E-5	0.210455	
2.3576E-5	0.503644	
2.3584E-5	0.71815	
2.3592E-5	0.857641	
2.36E-5	0.939424	
2.3608E-5	0.98089	
2.3616E-5	0.991772	
2.3624E-5	0.986043	
2.3632E-5	0.96799	
2.364E-5	0.94761	
2.3648E-5	0.934588	
2.3656E-5	0.923858	
2.3664E-5	0.920796	
2.3672E-5	0.931461	
2.368E-5	0.949327	
2.3688E-5	0.967441	
2.3696E-5	0.982336	
2.3704E-5	0.992898	
2.3712E-5	0.991996	
2.372E-5	0.973522	
2.3728E-5	0.943656	
2.3736E-5	0.916947	
2.3744E-5	0.905623	
2.3752E-5	0.897772	
2.376E-5	0.881287	
2.3768E-5	0.872541	
2.3776E-5	0.885667	
2.3784E-5	0.903009	
2.3792E-5	0.90145	
2.38E-5	0.883734	
2.3808E-5	0.868348	
2.3816E-5	0.864393	
2.3824E-5	0.861088	
2.3832E-5	0.851131	
2.384E-5	0.841904	
2.3848E-5	0.845778	
2.3856E-5	0.867572	
2.3864E-5	0.890289	
2.3872E-5	0.896684	
2.388E-5	0.892473	
2.3888E-5	0.888503	
2.3896E-5	0.886563	
2.3904E-5	0.887958	
2.3912E-5	0.900418	
2.392E-5	0.915551	
2.3928E-5	0.914492	
2.3936E-5	0.906068	
2.3944E-5	0.903415	
2.3952E-5	0.904343	
2.396E-5	0.914645	
2.3968E-5	0.935438	
2.3976E-5	0.949391	
2.3984E-5	0.949217	
2.3992E-5	0.950298	
2.4E-5	0.957685	
2.4008E-5	0.962029	
2.4016E-5	0.963848	
2.4024E-5	0.960972	
2.4032E-5	0.945905	
2.404E-5	0.924297	
2.4048E-5	0.910116	
2.4056E-5	0.9114	
2.4064E-5	0.924245	
2.4072E-5	0.941239	
2.408E-5	0.954053	
2.4088E-5	0.956841	
2.4096E-5	0.950245	
2.4104E-5	0.938482	
2.4112E-5	0.931917	
2.412E-5	0.936683	
2.4128E-5	0.942224	
2.4136E-5	0.940729	
2.4144E-5	0.935504	
2.4152E-5	0.921831	
2.416E-5	0.907483	
2.4168E-5	0.899917	
2.4176E-5	0.887434	
2.4184E-5	0.870107	
2.4192E-5	0.861138	
2.42E-5	0.868968	
2.4208E-5	0.881466	
2.4216E-5	0.884306	
2.4224E-5	0.886293	
2.4232E-5	0.895052	
2.424E-5	0.900304	
2.4248E-5	0.897364	
2.4256E-5	0.89686	
2.4264E-5	0.909496	
2.4272E-5	0.932387	
2.428E-5	0.951368	
2.4288E-5	0.951545	
2.4296E-5	0.928212	
2.4304E-5	0.900661	
2.4312E-5	0.894791	
2.432E-5	0.90874	
2.4328E-5	0.928201	
2.4336E-5	0.945181	
2.4344E-5	0.955911	
2.4352E-5	0.957067	
2.436E-5	0.942666	
2.4368E-5	0.916561	
2.4376E-5	0.895016	
2.4384E-5	0.891091	
2.4392E-5	0.891199	
2.44E-5	0.886331	
2.4408E-5	0.885161	
2.4416E-5	0.87888	
2.4424E-5	0.867414	
2.4432E-5	0.861106	
2.444E-5	0.859601	
2.4448E-5	0.869092	
2.4456E-5	0.894053	
2.4464E-5	0.925846	
2.4472E-5	0.955133	
2.448E-5	0.977788	
2.4488E-5	0.982666	
2.4496E-5	0.959719	
2.4504E-5	0.929738	
2.4512E-5	0.91563	
2.452E-5	0.915566	
2.4528E-5	0.9268	
2.4536E-5	0.94581	
2.4544E-5	0.96314	
2.4552E-5	0.973721	
2.456E-5	0.889614	
2.4568E-5	0.599919	
2.4576E-5	0.181462	
2.4584E-5	-0.222307	
2.4592E-5	-0.547149	
2.46E-5	-0.768743	
2.4608E-5	-0.902395	
2.4616E-5	-0.980765	
2.4624E-5	-1.01283	
2.4632E-5	-1.00138	
2.464E-5	-0.974065	
2.4648E-5	-0.957024	
2.4656E-5	-0.953085	
2.4664E-5	-0.956412	
2.4672E-5	-0.961156	
2.468E-5	-0.964167	
2.4688E-5	-0.969018	
2.4696E-5	-0.976635	
2.4704E-5	-0.982172	
2.4712E-5	-0.983937	
2.472E-5	-0.974997	
2.4728E-5	-0.953384	
2.4736E-5	-0.938757	
2.4744E-5	-0.941522	
2.4752E-5	-0.95219	
2.476E-5	-0.962995	
2.4768E-5	-0.970276	
2.4776E-5	-0.973094	
2.4784E-5	-0.974378	
2.4792E-5	-0.968724	
2.48E-5	-0.955079	
2.4808E-5	-0.949119	
2.4816E-5	-0.950951	
2.4824E-5	-0.949005	
2.4832E-5	-0.947543	
2.484E-5	-0.94564	
2.4848E-5	-0.938277	
2.4856E-5	-0.930871	
2.4864E-5	-0.926084	
2.4872E-5	-0.922844	
2.488E-5	-0.916203	
2.4888E-5	-0.912578	
2.4896E-5	-0.922799	
2.4904E-5	-0.938614	
2.4912E-5	-0.95079	
2.492E-5	-0.959267	
2.4928E-5	-0.964688	
2.4936E-5	-0.967537	
2.4944E-5	-0.959979	
2.4952E-5	-0.933764	
2.496E-5	-0.905353	
2.4968E-5	-0.892026	
2.4976E-5	-0.884577	
2.4984E-5	-0.877616	
2.4992E-5	-0.870882	
2.5E-5	-0.858309	
2.5008E-5	-0.850486	
2.5016E-5	-0.863015	
2.5024E-5	-0.892822	
2.5032E-5	-0.927259	
2.504E-5	-0.94953	
2.5048E-5	-0.948325	
2.5056E-5	-0.938596	
2.5064E-5	-0.937719	
2.5072E-5	-0.934887	
2.508E-5	-0.92136	
2.5088E-5	-0.914079	
2.5096E-5	-0.918166	
2.5104E-5	-0.924409	
2.5112E-5	-0.935901	
2.512E-5	-0.947077	
2.5128E-5	-0.949995	
2.5136E-5	-0.950098	
2.5144E-5	-0.944402	
2.5152E-5	-0.935241	
2.516E-5	-0.92859	
2.5168E-5	-0.919007	
2.5176E-5	-0.911842	
2.5184E-5	-0.907316	
2.5192E-5	-0.891703	
2.52E-5	-0.873891	
2.5208E-5	-0.876625	
2.5216E-5	-0.899941	
2.5224E-5	-0.929874	
2.5232E-5	-0.956769	
2.524E-5	-0.967758	
2.5248E-5	-0.951806	
2.5256E-5	-0.923281	
2.5264E-5	-0.906501	
2.5272E-5	-0.907679	
2.528E-5	-0.921116	
2.5288E-5	-0.9392	
2.5296E-5	-0.951152	
2.5304E-5	-0.951355	
2.5312E-5	-0.950942	
2.532E-5	-0.950405	
2.5328E-5	-0.93444	
2.5336E-5	-0.910153	
2.5344E-5	-0.90047	
2.5352E-5	-0.904352	
2.536E-5	-0.902733	
2.5368E-5	-0.895944	
2.5376E-5	-0.898199	
2.5384E-5	-0.913177	
2.5392E-5	-0.930288	
2.54E-5	-0.935322	
2.5408E-5	-0.928215	
2.5416E-5	-0.922432	
2.5424E-5	-0.927228	
2.5432E-5	-0.930495	
2.544E-5	-0.92329	
2.5448E-5	-0.921898	
2.5456E-5	-0.933789	
2.5464E-5	-0.949381	
2.5472E-5	-0.96249	
2.548E-5	-0.973912	
2.5488E-5	-0.984342	
2.5496E-5	-0.992363	
2.5504E-5	-0.991957	
2.5512E-5	-0.981719	
2.552E-5	-0.974289	
2.5528E-5	-0.97042	
2.5536E-5	-0.9557	
2.5544E-5	-0.925718	
2.5552E-5	-0.89612	
2.556E-5	-0.884315	
2.5568E-5	-0.890694	
2.5576E-5	-0.818072	
2.5584E-5	-0.539172	
2.5592E-5	-0.118015	
2.56E-5	0.295408	
2.5608E-5	0.619057	
2.5616E-5	0.824301	
2.5624E-5	0.928253	
2.5632E-5	0.963249	
2.564E-5	0.959388	
2.5648E-5	0.940033	
2.5656E-5	0.923566	
2.5664E-5	0.919774	
2.5672E-5	0.924018	
2.568E-5	0.918524	
2.5688E-5	0.896052	
2.5696E-5	0.874031	
2.5704E-5	0.87057	
2.5712E-5	0.878203	
2.572E-5	0.883763	
2.5728E-5	0.892489	
2.5736E-5	0.905399	
2.5744E-5	0.917429	
2.5752E-5	0.918105	
2.576E-5	0.899322	
2.5768E-5	0.868962	
2.5776E-5	0.847073	
2.5784E-5	0.853126	
2.5792E-5	0.882181	
2.58E-5	0.91769	
2.5808E-5	0.949749	
2.5816E-5	0.973632	
2.5824E-5	0.989644	
2.5832E-5	0.994321	
2.584E-5	0.984879	
2.5848E-5	0.971255	
2.5856E-5	0.963156	
2.5864E-5	0.962188	
2.5872E-5	0.967517	
2.588E-5	0.974793	
2.5888E-5	0.976976	
2.5896E-5	0.971925	
2.5904E-5	0.966702	
2.5912E-5	0.96051	
2.592E-5	0.946473	
2.5928E-5	0.92879	
2.5936E-5	0.916731	
2.5944E-5	0.919538	
2.5952E-5	0.935741	
2.596E-5	0.952098	
2.5968E-5	0.955809	
2.5976E-5	0.940339	
2.5984E-5	0.918489	
2.5992E-5	0.912466	
2.6E-5	0.922807	
2.6008E-5	0.938878	
2.6016E-5	0.956814	
2.6024E-5	0.973572	
2.6032E-5	0.986662	
2.604E-5	0.995533	
2.6048E-5	1.00069	
2.6056E-5	1.00306	
2.6064E-5	0.993273	
2.6072E-5	0.959405	
2.608E-5	0.920534	
2.6088E-5	0.906059	
2.6096E-5	0.911334	
2.6104E-5	0.920873	
2.6112E-5	0.925364	
2.612E-5	0.921149	
2.6128E-5	0.922374	
2.6136E-5	0.930249	
2.6144E-5	0.933494	
2.6152E-5	0.936882	
2.616E-5	0.945316	
2.6168E-5	0.950421	
2.6176E-5	0.949849	
2.6184E-5	0.951539	
2.6192E-5	0.954804	
2.62E-5	0.958223	
2.6208E-5	0.965415	
2.6216E-5	0.975313	
2.6224E-5	0.984714	
2.6232E-5	0.992136	
2.624E-5	0.98912	
2.6248E-5	0.973424	
2.6256E-5	0.962487	
2.6264E-5	0.964006	
2.6272E-5	0.971369	
2.628E-5	0.977986	
2.6288E-5	0.972868	
2.6296E-5	0.957266	
2.6304E-5	0.949548	
2.6312E-5	0.947135	
2.632E-5	0.929348	
2.6328E-5	0.904652	
2.6336E-5	0.894322	
2.6344E-5	0.898255	
2.6352E-5	0.910334	
2.636E-5	0.926037	
2.6368E-5	0.938645	
2.6376E-5	0.944597	
2.6384E-5	0.942542	
2.6392E-5	0.934492	
2.64E-5	0.927876	
2.6408E-5	0.920331	
2.6416E-5	0.913488	
2.6424E-5	0.912147	
2.6432E-5	0.904446	
2.644E-5	0.883799	
2.6448E-5	0.863468	
2.6456E-5	0.853353	
2.6464E-5	0.853179	
2.6472E-5	0.865362	
2.648E-5	0.881999	
2.6488E-5	0.898775	
2.6496E-5	0.918881	
2.6504E-5	0.938223	
2.6512E-5	0.948313	
2.652E-5	0.941781	
2.6528E-5	0.930725	
2.6536E-5	0.931744	
2.6544E-5	0.942929	
2.6552E-5	0.947171	
2.656E-5	0.928566	
2.6568E-5	0.896272	
2.6576E-5	0.869204	
2.6584E-5	0.847554	
2.6592E-5	0.750015	
2.66E-5	0.476053	
2.6608E-5	0.0800149	
2.6616E-5	-0.308232	
2.6624E-5	-0.619633	
2.6632E-5	-0.831467	
2.664E-5	-0.944008	
2.6648E-5	-0.988012	
2.6656E-5	-0.99972	
2.6664E-5	-0.995001	
2.6672E-5	-0.988335	
2.668E-5	-0.987208	
2.6688E-5	-0.989017	
2.6696E-5	-0.990202	
2.6704E-5	-0.989138	
2.6712E-5	-0.988888	
2.672E-5	-0.988851	
2.6728E-5	-0.98696	
2.6736E-5	-0.976872	
2.6744E-5	-0.950112	
2.6752E-5	-0.916782	
2.676E-5	-0.896792	
2.6768E-5	-0.898247	
2.6776E-5	-0.908346	
2.6784E-5	-0.916593	
2.6792E-5	-0.930079	
2.68E-5	-0.943125	
2.6808E-5	-0.944314	
2.6816E-5	-0.943204	
2.6824E-5	-0.950402	
2.6832E-5	-0.962965	
2.684E-5	-0.965744	
2.6848E-5	-0.943526	
2.6856E-5	-0.913394	
2.6864E-5	-0.904731	
2.6872E-5	-0.917366	
2.688E-5	-0.937448	
2.6888E-5	-0.958169	
2.6896E-5	-0.974723	
2.6904E-5	-0.977851	
2.6912E-5	-0.968169	
2.692E-5	-0.962301	
2.6928E-5	-0.966372	
2.6936E-5	-0.967882	
2.6944E-5	-0.957498	
2.6952E-5	-0.946234	
2.696E-5	-0.946963	
2.6968E-5	-0.951578	
2.6976E-5	-0.951709	
2.6984E-5	-0.955148	
2.6992E-5	-0.965115	
2.7E-5	-0.975848	
2.7008E-5	-0.980031	
2.7016E-5	-0.971883	
2.7024E-5	-0.951192	
2.7032E-5	-0.925057	
2.704E-5	-0.904729	
2.7048E-5	-0.897509	
2.7056E-5	-0.902084	
2.7064E-5	-0.905869	
2.7072E-5	-0.903224	
2.708E-5	-0.904605	
2.7088E-5	-0.909011	
2.7096E-5	-0.906241	
2.7104E-5	-0.897432	
2.7112E-5	-0.887155	
2.712E-5	-0.885304	
2.7128E-5	-0.892998	
2.7136E-5	-0.893164	
2.7144E-5	-0.886857	
2.7152E-5	-0.894435	
2.716E-5	-0.910497	
2.7168E-5	-0.920621	
2.7176E-5	-0.924914	
2.7184E-5	-0.917523	
2.7192E-5	-0.906952	
2.72E-5	-0.907995	
2.7208E-5	-0.912488	
2.7216E-5	-0.916662	
2.7224E-5	-0.924713	
2.7232E-5	-0.930458	
2.724E-5	-0.934689	
2.7248E-5	-0.943246	
2.7256E-5	-0.953941	
2.7264E-5	-0.963341	
2.7272E-5	-0.965079	
2.728E-5	-0.960167	
2.7288E-5	-0.958017	
2.7296E-5	-0.960381	
2.7304E-5	-0.966321	
2.7312E-5	-0.974713	
2.732E-5	-0.983136	
2.7328E-5	-0.98525	
2.7336E-5	-0.978728	
2.7344E-5	-0.974303	
2.7352E-5	-0.976868	
2.736E-5	-0.975639	
2.7368E-5	-0.966	
2.7376E-5	-0.951967	
2.7384E-5	-0.935566	
2.7392E-5	-0.929096	
2.74E-5	-0.929324	
2.7408E-5	-0.922799	
2.7416E-5	-0.920872	
2.7424E-5	-0.931931	
2.7432E-5	-0.948023	
2.744E-5	-0.961287	
2.7448E-5	-0.971036	
2.7456E-5	-0.979974	
2.7464E-5	-0.980552	
2.7472E-5	-0.969387	
2.748E-5	-0.962025	
2.7488E-5	-0.958606	
2.7496E-5	-0.950946	
2.7504E-5	-0.945423	
2.7512E-5	-0.943908	
2.752E-5	-0.946576	
2.7528E-5	-0.949744	
2.7536E-5	-0.942892	
2.7544E-5	-0.924334	
2.7552E-5	-0.907875	
2.756E-5	-0.900884	
2.7568E-5	-0.892992	
2.7576E-5	-0.878831	
2.7584E-5	-0.865704	
2.7592E-5	-0.867609	
2.76E-5	-0.885928	
2.7608E-5	-0.828385	
2.7616E-5	-0.581429	
2.7624E-5	-0.195079	
2.7632E-5	0.199271	
2.764E-5	0.51485	
2.7648E-5	0.721977	
2.7656E-5	0.843515	
2.7664E-5	0.906332	
2.7672E-5	0.929985	
2.768E-5	0.942745	
2.7688E-5	0.949373	
2.7696E-5	0.939986	
2.7704E-5	0.930609	
2.7712E-5	0.935557	
2.772E-5	0.949851	
2.7728E-5	0.95868	
2.7736E-5	0.955769	
2.7744E-5	0.955046	
2.7752E-5	0.958955	
2.776E-5	0.950116	
2.7768E-5	0.92442	
2.7776E-5	0.896351	
2.7784E-5	0.870683	
2.7792E-5	0.853459	
2.78E-5	0.859591	
2.7808E-5	0.875266	
2.7816E-5	0.884901	
2.7824E-5	0.890786	
2.7832E-5	0.888555	
2.784E-5	0.885857	
2.7848E-5	0.895316	
2.7856E-5	0.916338	
2.7864E-5	0.940755	
2.7872E-5	0.954422	
2.788E-5	0.955015	
2.7888E-5	0.956996	
2.7896E-5	0.965455	
2.7904E-5	0.975113	
2.7912E-5	0.984003	
2.792E-5	0.984123	
2.7928E-5	0.962764	
2.7936E-5	0.932006	
2.7944E-5	0.910015	
2.7952E-5	0.889198	
2.796E-5	0.873392	
2.7968E-5	0.879004	
2.7976E-5	0.893111	
2.7984E-5	0.894094	
2.7992E-5	0.892329	
2.8E-5	0.896734	
2.8008E-5	0.900702	
2.8016E-5	0.912335	
2.8024E-5	0.93421	
2.8032E-5	0.950441	
2.804E-5	0.947959	
2.8048E-5	0.930445	
2.8056E-5	0.913566	
2.8064E-5	0.906215	
2.8072E-5	0.905155	
2.808E-5	0.908098	
2.8088E-5	0.910758	
2.8096E-5	0.912974	
2.8104E-5	0.922215	
2.8112E-5	0.933434	
2.812E-5	0.938042	
2.8128E-5	0.938494	
2.8136E-5	0.940167	
2.8144E-5	0.945935	
2.8152E-5	0.956604	
2.816E-5	0.969532	
2.8168E-5	0.981338	
2.8176E-5	0.982145	
2.8184E-5	0.96281	
2.8192E-5	0.928838	
2.82E-5	0.890103	
2.8208E-5	0.857048	
2.8216E-5	0.834912	
2.8224E-5	0.829191	
2.8232E-5	0.844098	
2.824E-5	0.870935	
2.8248E-5	0.903568	
2.8256E-5	0.937389	
2.8264E-5	0.962702	
2.8272E-5	0.970067	
2.828E-5	0.963867	
2.8288E-5	0.961226	
2.8296E-5	0.957373	
2.8304E-5	0.9352	
2.8312E-5	0.90665	
2.832E-5	0.891239	
2.8328E-5	0.891255	
2.8336E-5	0.899224	
2.8344E-5	0.903476	
2.8352E-5	0.905995	
2.836E-5	0.916299	
2.8368E-5	0.933408	
2.8376E-5	0.942584	
2.8384E-5	0.93859	
2.8392E-5	0.939046	
2.84E-5	0.950495	
2.8408E-5	0.956797	
2.8416E-5	0.943838	
2.8424E-5	0.922786	
2.8432E-5	0.914843	
2.844E-5	0.922188	
2.8448E-5	0.935945	
2.8456E-5	0.951238	
2.8464E-5	0.96538	
2.8472E-5	0.977525	
2.848E-5	0.987363	
2.8488E-5	0.993993	
2.8496E-5	0.99808	
2.8504E-5	1.00042	
2.8512E-5	1.00016	
2.852E-5	0.986526	
2.8528E-5	0.959323	
2.8536E-5	0.932526	
2.8544E-5	0.909366	
2.8552E-5	0.89327	
2.856E-5	0.889105	
2.8568E-5	0.900671	
2.8576E-5	0.919195	
2.8584E-5	0.922889	
2.8592E-5	0.914685	
2.86E-5	0.914174	
2.8608E-5	0.916083	
2.8616E-5	0.91363	
2.8624E-5	0.828953	
2.8632E-5	0.543809	
2.864E-5	0.119551	
2.8648E-5	-0.289329	
2.8656E-5	-0.598266	
2.8664E-5	-0.791205	
2.8672E-5	-0.902242	
2.868E-5	-0.964475	
2.8688E-5	-0.993416	
2.8696E-5	-0.998479	
2.8704E-5	-0.980459	
2.8712E-5	-0.947108	
2.872E-5	-0.920739	
2.8728E-5	-0.915577	
2.8736E-5	-0.924248	
2.8744E-5	-0.928326	
2.8752E-5	-0.923411	
2.876E-5	-0.922608	
2.8768E-5	-0.93179	
2.8776E-5	-0.947244	
2.8784E-5	-0.964578	
2.8792E-5	-0.979641	
2.88E-5	-0.990805	
2.8808E-5	-0.992697	
2.8816E-5	-0.984375	
2.8824E-5	-0.977459	
2.8832E-5	-0.977406	
2.884E-5	-0.975511	
2.8848E-5	-0.964803	
2.8856E-5	-0.954358	
2.8864E-5	-0.945216	
2.8872E-5	-0.930607	
2.888E-5	-0.924009	
2.8888E-5	-0.926139	
2.8896E-5	-0.917001	
2.8904E-5	-0.901911	
2.8912E-5	-0.903252	
2.892E-5	-0.921038	
2.8928E-5	-0.940507	
2.8936E-5	-0.946263	
2.8944E-5	-0.927843	
2.8952E-5	-0.89471	
2.896E-5	-0.872312	
2.8968E-5	-0.872994	
2.8976E-5	-0.881867	
2.8984E-5	-0.890898	
2.8992E-5	-0.90901	
2.9E-5	-0.934698	
2.9008E-5	-0.950708	
2.9016E-5	-0.950331	
2.9024E-5	-0.944062	
2.9032E-5	-0.93458	
2.904E-5	-0.924461	
2.9048E-5	-0.922205	
2.9056E-5	-0.931631	
2.9064E-5	-0.945733	
2.9072E-5	-0.956389	
2.908E-5	-0.965271	
2.9088E-5	-0.971055	
2.9096E-5	-0.963459	
2.9104E-5	-0.944855	
2.9112E-5	-0.934477	
2.912E-5	-0.937779	
2.9128E-5	-0.94904	
2.9136E-5	-0.963968	
2.9144E-5	-0.969558	
2.9152E-5	-0.956056	
2.916E-5	-0.938995	
2.9168E-5	-0.932146	
2.9176E-5	-0.923385	
2.9184E-5	-0.909328	
2.9192E-5	-0.906523	
2.92E-5	-0.917534	
2.9208E-5	-0.932463	
2.9216E-5	-0.949417	
2.9224E-5	-0.963605	
2.9232E-5	-0.970327	
2.924E-5	-0.971417	
2.9248E-5	-0.968813	
2.9256E-5	-0.967335	
2.9264E-5	-0.969143	
2.9272E-5	-0.972918	
2.928E-5	-0.973937	
2.9288E-5	-0.965409	
2.9296E-5	-0.953155	
2.9304E-5	-0.950406	
2.9312E-5	-0.958205	
2.932E-5	-0.969748	
2.9328E-5	-0.979498	
2.9336E-5	-0.98207	
2.9344E-5	-0.970652	
2.9352E-5	-0.947965	
2.936E-5	-0.923102	
2.9368E-5	-0.902952	
2.9376E-5	-0.901145	
2.9384E-5	-0.91849	
2.9392E-5	-0.941666	
2.94E-5	-0.953726	
2.9408E-5	-0.949186	
2.9416E-5	-0.937706	
2.9424E-5	-0.923686	
2.9432E-5	-0.919075	
2.944E-5	-0.921637	
2.9448E-5	-0.919645	
2.9456E-5	-0.924628	
2.9464E-5	-0.940989	
2.9472E-5	-0.951269	
2.948E-5	-0.947991	
2.9488E-5	-0.940915	
2.9496E-5	-0.9347	
2.9504E-5	-0.935637	
2.9512E-5	-0.942155	
2.952E-5	-0.94606	
2.9528E-5	-0.952939	
2.9536E-5	-0.957596	
2.9544E-5	-0.944117	
2.9552E-5	-0.913724	
2.956E-5	-0.884617	
2.9568E-5	-0.876363	
2.9576E-5	-0.888592	
2.9584E-5	-0.904918	
2.9592E-5	-0.920432	
2.96E-5	-0.939456	
2.9608E-5	-0.95587	
2.9616E-5	-0.955707	
2.9624E-5	-0.93807	
2.9632E-5	-0.918133	
2.964E-5	-0.830589	
2.9648E-5	-0.568706	
2.9656E-5	-0.174618	
2.9664E-5	0.229308	
2.9672E-5	0.568319	
2.968E-5	0.801643	
2.9688E-5	0.930715	
2.9696E-5	0.985808	
2.9704E-5	0.982886	
2.9712E-5	0.947474	
2.972E-5	0.913031	
2.9728E-5	0.892999	
2.9736E-5	0.895252	
2.9744E-5	0.90719	
2.9752E-5	0.903933	
2.976E-5	0.892959	
2.9768E-5	0.897987	
2.9776E-5	0.912349	
2.9784E-5	0.917112	
2.9792E-5	0.910794	
2.98E-5	0.900309	
2.9808E-5	0.89301	
2.9816E-5	0.890112	
2.9824E-5	0.887201	
2.9832E-5	0.887084	
2.984E-5	0.899833	
2.9848E-5	0.920976	
2.9856E-5	0.939449	
2.9864E-5	0.956439	
2.9872E-5	0.971658	
2.988E-5	0.97554	
2.9888E-5	0.966469	
2.9896E-5	0.959054	
2.9904E-5	0.961633	
2.9912E-5	0.95944	
2.992E-5	0.940013	
2.9928E-5	0.910591	
2.9936E-5	0.88372	
2.9944E-5	0.870824	
2.9952E-5	0.874899	
2.996E-5	0.894455	
2.9968E-5	0.923523	
2.9976E-5	0.951913	
2.9984E-5	0.965853	
2.9992E-5	0.961237	
3E-5	0.954455	
3.0008E-5	0.946709	
3.0016E-5	0.929883	
3.0024E-5	0.908713	
3.0032E-5	0.891624	
3.004E-5	0.888045	
3.0048E-5	0.900624	
3.0056E-5	0.920173	
3.0064E-5	0.93786	
3.0072E-5	0.954686	
3.008E-5	0.9713	
3.0088E-5	0.984746	
3.0096E-5	0.987907	
3.0104E-5	0.975268	
3.0112E-5	0.957147	
3.012E-5	0.947463	
3.0128E-5	0.950002	
3.0136E-5	0.959069	
3.0144E-5	0.968289	
3.0152E-5	0.968929	
3.016E-5	0.950619	
3.0168E-5	0.920411	
3.0176E-5	0.899287	
3.0184E-5	0.891133	
3.0192E-5	0.885749	
3.02E-5	0.890374	
3.0208E-5	0.900783	
3.0216E-5	0.902341	
3.0224E-5	0.904573	
3.0232E-5	0.90948	
3.024E-5	0.913346	
3.0248E-5	0.925057	
3.0256E-5	0.944625	
3.0264E-5	0.960178	
3.0272E-5	0.95892	
3.028E-5	0.935857	
3.0288E-5	0.907946	
3.0296E-5	0.900837	
3.0304E-5	0.915396	
3.0312E-5	0.937726	
3.032E-5	0.959967	
3.0328E-5	0.969704	
3.0336E-5	0.957726	
3.0344E-5	0.940656	
3.0352E-5	0.937994	
3.036E-5	0.948106	
3.0368E-5	0.962632	
3.0376E-5	0.972135	
3.0384E-5	0.972894	
3.0392E-5	0.970701	
3.04E-5	0.961049	
3.0408E-5	0.934237	
3.0416E-5	0.904454	
3.0424E-5	0.897012	
3.0432E-5	0.912328	
3.044E-5	0.934042	
3.0448E-5	0.947928	
3.0456E-5	0.952365	
3.0464E-5	0.948557	
3.0472E-5	0.9285	
3.048E-5	0.905753	
3.0488E-5	0.901423	
3.0496E-5	0.912739	
3.0504E-5	0.931657	
3.0512E-5	0.951332	
3.052E-5	0.959226	
3.0528E-5	0.954337	
3.0536E-5	0.952953	
3.0544E-5	0.96093	
3.0552E-5	0.972043	
3.056E-5	0.979991	
3.0568E-5	0.982266	
3.0576E-5	0.983981	
3.0584E-5	0.987758	
3.0592E-5	0.991307	
3.06E-5	0.99354	
3.0608E-5	0.995263	
3.0616E-5	0.987639	
3.0624E-5	0.967496	
3.0632E-5	0.954236	
3.064E-5	0.948064	
3.0648E-5	0.93844	
3.0656E-5	0.850892	
3.0664E-5	0.57087	
3.0672E-5	0.151403	
3.068E-5	-0.260354	
3.0688E-5	-0.58441	
3.0696E-5	-0.79382	
3.0704E-5	-0.901042	
3.0712E-5	-0.948003	
3.072E-5	-0.963698	
3.0728E-5	-0.958169	
3.0736E-5	-0.950289	
3.0744E-5	-0.94909	
3.0752E-5	-0.95363	
3.076E-5	-0.963469	
3.0768E-5	-0.967679	
3.0776E-5	-0.961749	
3.0784E-5	-0.959043	
3.0792E-5	-0.956791	
3.08E-5	-0.939964	
3.0808E-5	-0.920809	
3.0816E-5	-0.919266	
3.0824E-5	-0.933405	
3.0832E-5	-0.952648	
3.084E-5	-0.965345	
3.0848E-5	-0.961857	
3.0856E-5	-0.9417	
3.0864E-5	-0.917931	
3.0872E-5	-0.90832	
3.088E-5	-0.90349	
3.0888E-5	-0.893948	
3.0896E-5	-0.896673	
3.0904E-5	-0.913641	
3.0912E-5	-0.932798	
3.092E-5	-0.952057	
3.0928E-5	-0.970376	
3.0936E-5	-0.984588	
3.0944E-5	-0.985482	
3.0952E-5	-0.962361	
3.096E-5	-0.931215	
3.0968E-5	-0.915738	
3.0976E-5	-0.91305	
3.0984E-5	-0.908685	
3.0992E-5	-0.894364	
3.1E-5	-0.871974	
3.1008E-5	-0.856542	
3.1016E-5	-0.865029	
3.1024E-5	-0.883587	
3.1032E-5	-0.89416	
3.104E-5	-0.909036	
3.1048E-5	-0.933139	
3.1056E-5	-0.957333	
3.1064E-5	-0.977103	
3.1072E-5	-0.991053	
3.108E-5	-0.998703	
3.1088E-5	-1.00098	
3.1096E-5	-0.994895	
3.1104E-5	-0.978095	
3.1112E-5	-0.962875	
3.112E-5	-0.959822	
3.1128E-5	-0.965737	
3.1136E-5	-0.974967	
3.1144E-5	-0.979292	
3.1152E-5	-0.96578	
3.116E-5	-0.938755	
3.1168E-5	-0.922413	
3.1176E-5	-0.926405	
3.1184E-5	-0.94194	
3.1192E-5	-0.954574	
3.12E-5	-0.957738	
3.1208E-5	-0.954254	
3.1216E-5	-0.940248	
3.1224E-5	-0.924286	
3.1232E-5	-0.92391	
3.124E-5	-0.927895	
3.1248E-5	-0.915274	
3.1256E-5	-0.891065	
3.1264E-5	-0.871331	
3.1272E-5	-0.868231	
3.128E-5	-0.884342	
3.1288E-5	-0.899951	
3.1296E-5	-0.904305	
3.1304E-5	-0.905866	
3.1312E-5	-0.906033	
3.132E-5	-0.912332	
3.1328E-5	-0.923943	
3.1336E-5	-0.931206	
3.1344E-5	-0.941217	
3.1352E-5	-0.950781	
3.136E-5	-0.946418	
3.1368E-5	-0.929162	
3.1376E-5	-0.913375	
3.1384E-5	-0.914279	
3.1392E-5	-0.930541	
3.14E-5	-0.950553	
3.1408E-5	-0.962059	
3.1416E-5	-0.957264	
3.1424E-5	-0.945573	
3.1432E-5	-0.935464	
3.144E-5	-0.927881	
3.1448E-5	-0.930932	
3.1456E-5	-0.945176	
3.1464E-5	-0.953019	
3.1472E-5	-0.939218	
3.148E-5	-0.910389	
3.1488E-5	-0.883813	
3.1496E-5	-0.87083	
3.1504E-5	-0.8722	
3.1512E-5	-0.885673	
3.152E-5	-0.909728	
3.1528E-5	-0.937903	
3.1536E-5	-0.953952	
3.1544E-5	-0.943759	
3.1552E-5	-0.920198	
3.156E-5	-0.905685	
3.1568E-5	-0.907425	
3.1576E-5	-0.921635	
3.1584E-5	-0.940596	
3.1592E-5	-0.959638	
3.16E-5	-0.976446	
3.1608E-5	-0.979501	
3.1616E-5	-0.962327	
3.1624E-5	-0.942135	
3.1632E-5	-0.925138	
3.164E-5	-0.906897	
3.1648E-5	-0.899903	
3.1656E-5	-0.910271	
3.1664E-5	-0.923609	
3.1672E-5	-0.837818	
3.168E-5	-0.541682	
3.1688E-5	-0.120451	
3.1696E-5	0.269891	
3.1704E-5	0.568404	
3.1712E-5	0.764738	
3.172E-5	0.875903	
3.1728E-5	0.938013	
3.1736E-5	0.976526	
3.1744E-5	0.992269	
3.1752E-5	0.980512	
3.176E-5	0.958607	
3.1768E-5	0.949287	
3.1776E-5	0.95404	
3.1784E-5	0.955407	
3.1792E-5	0.945418	
3.18E-5	0.941121	
3.1808E-5	0.944472	
3.1816E-5	0.945591	
3.1824E-5	0.946813	
3.1832E-5	0.944325	
3.184E-5	0.935889	
3.1848E-5	0.930615	
3.1856E-5	0.928012	
3.1864E-5	0.914726	
3.1872E-5	0.889014	
3.188E-5	0.870009	
3.1888E-5	0.869689	
3.1896E-5	0.881231	
3.1904E-5	0.901308	
3.1912E-5	0.916398	
3.192E-5	0.9163	
3.1928E-5	0.912958	
3.1936E-5	0.904241	
3.1944E-5	0.889544	
3.1952E-5	0.884871	
3.196E-5	0.889805	
3.1968E-5	0.89773	
3.1976E-5	0.911883	
3.1984E-5	0.930396	
3.1992E-5	0.94998	
3.2E-5	0.968818	
3.2008E-5	0.97866	
3.2016E-5	0.966435	
3.2024E-5	0.935317	
3.2032E-5	0.907246	
3.204E-5	0.890492	
3.2048E-5	0.885238	
3.2056E-5	0.889961	
3.2064E-5	0.897626	
3.2072E-5	0.906013	
3.208E-5	0.912589	
3.2088E-5	0.922533	
3.2096E-5	0.94038	
3.2104E-5	0.960135	
3.2112E-5	0.966515	
3.212E-5	0.951781	
3.2128E-5	0.927646	
3.2136E-5	0.907003	
3.2144E-5	0.904293	
3.2152E-5	0.914469	
3.216E-5	0.922985	
3.2168E-5	0.934706	
3.2176E-5	0.949031	
3.2184E-5	0.959332	
3.2192E-5	0.967936	
3.22E-5	0.970824	
3.2208E-5	0.96464	
3.2216E-5	0.9615	
3.2224E-5	0.962601	
3.2232E-5	0.961496	
3.224E-5	0.96382	
3.2248E-5	0.971607	
3.2256E-5	0.979167	
3.2264E-5	0.97936	
3.2272E-5	0.972979	
3.228E-5	0.966938	
3.2288E-5	0.959977	
3.2296E-5	0.954201	
3.2304E-5	0.956667	
3.2312E-5	0.956202	
3.232E-5	0.941038	
3.2328E-5	0.91688	
3.2336E-5	0.890736	
3.2344E-5	0.877856	
3.2352E-5	0.889219	
3.236E-5	0.915226	
3.2368E-5	0.943635	
3.2376E-5	0.967987	
3.2384E-5	0.985848	
3.2392E-5	0.997222	
3.24E-5	1.00225	
3.2408E-5	1.00163	
3.2416E-5	0.991758	
3.2424E-5	0.964842	
3.2432E-5	0.924039	
3.244E-5	0.890502	
3.2448E-5	0.884848	
3.2456E-5	0.903281	
3.2464E-5	0.930163	
3.2472E-5	0.956241	
3.248E-5	0.977121	
3.2488E-5	0.991588	
3.2496E-5	0.996158	
3.2504E-5	0.985235	
3.2512E-5	0.967059	
3.252E-5	0.950415	
3.2528E-5	0.932153	
3.2536E-5	0.921363	
3.2544E-5	0.927394	
3.2552E-5	0.933089	
3.256E-5	0.926715	
3.2568E-5	0.91618	
3.2576E-5	0.897498	
3.2584E-5	0.87404	
3.2592E-5	0.866192	
3.26E-5	0.881756	
3.2608E-5	0.905362	
3.2616E-5	0.922723	
3.2624E-5	0.939094	
3.2632E-5	0.956211	
3.264E-5	0.968251	
3.2648E-5	0.973256	
3.2656E-5	0.97349	
3.2664E-5	0.971373	
3.2672E-5	0.968986	
3.268E-5	0.968151	
3.2688E-5	0.876128	
3.2696E-5	0.574322	
3.2704E-5	0.135376	
3.2712E-5	-0.290029	
3.272E-5	-0.62269	
3.2728E-5	-0.832111	
3.2736E-5	-0.941111	
3.2744E-5	-0.991879	
3.2752E-5	-1.00832	
3.276E-5	-1.00078	
3.2768E-5	-0.972489	
3.2776E-5	-0.93901	
3.2784E-5	-0.910941	
3.2792E-5	-0.889462	
3.28E-5	-0.888749	
3.2808E-5	-0.902607	
3.2816E-5	-0.904294	
3.2824E-5	-0.886685	
3.2832E-5	-0.863732	
3.284E-5	-0.85467	
3.2848E-5	-0.870003	
3.2856E-5	-0.891574	
3.2864E-5	-0.902266	
3.2872E-5	-0.911356	
3.288E-5	-0.917267	
3.2888E-5	-0.918024	
3.2896E-5	-0.926473	
3.2904E-5	-0.938531	
3.2912E-5	-0.945063	
3.292E-5	-0.953034	
3.2928E-5	-0.959721	
3.2936E-5	-0.950348	
3.2944E-5	-0.923251	
3.2952E-5	-0.895285	
3.296E-5	-0.885704	
3.2968E-5	-0.893579	
3.2976E-5	-0.909258	
3.2984E-5	-0.922992	
3.2992E-5	-0.924474	
3.3E-5	-0.922958	
3.3008E-5	-0.926748	
3.3016E-5	-0.931346	
3.3024E-5	-0.940868	
3.3032E-5	-0.952663	
3.304E-5	-0.959625	
3.3048E-5	-0.966713	
3.3056E-5	-0.96871	
3.3064E-5	-0.960191	
3.3072E-5	-0.95571	
3.308E-5	-0.961678	
3.3088E-5	-0.967752	
3.3096E-5	-0.968814	
3.3104E-5	-0.966394	
3.3112E-5	-0.961874	
3.312E-5	-0.961923	
3.3128E-5	-0.968971	
3.3136E-5	-0.972295	
3.3144E-5	-0.961691	
3.3152E-5	-0.939934	
3.316E-5	-0.91364	
3.3168E-5	-0.89002	
3.3176E-5	-0.882531	
3.3184E-5	-0.89101	
3.3192E-5	-0.894763	
3.32E-5	-0.887256	
3.3208E-5	-0.878807	
3.3216E-5	-0.877275	
3.3224E-5	-0.890017	
3.3232E-5	-0.907592	
3.324E-5	-0.919199	
3.3248E-5	-0.931519	
3.3256E-5	-0.946421	
3.3264E-5	-0.961739	
3.3272E-5	-0.975161	
3.328E-5	-0.983166	
3.3288E-5	-0.986384	
3.3296E-5	-0.987686	
3.3304E-5	-0.986686	
3.3312E-5	-0.97793	
3.332E-5	-0.956784	
3.3328E-5	-0.927455	
3.3336E-5	-0.907133	
3.3344E-5	-0.898741	
3.3352E-5	-0.893238	
3.336E-5	-0.89406	
3.3368E-5	-0.900062	
3.3376E-5	-0.904116	
3.3384E-5	-0.9059	
3.3392E-5	-0.910237	
3.34E-5	-0.918302	
3.3408E-5	-0.932274	
3.3416E-5	-0.95098	
3.3424E-5	-0.962643	
3.3432E-5	-0.964068	
3.344E-5	-0.957893	
3.3448E-5	-0.940629	
3.3456E-5	-0.913921	
3.3464E-5	-0.891345	
3.3472E-5	-0.885618	
3.348E-5	-0.890279	
3.3488E-5	-0.89989	
3.3496E-5	-0.917111	
3.3504E-5	-0.937084	
3.3512E-5	-0.952485	
3.352E-5	-0.960555	
3.3528E-5	-0.964454	
3.3536E-5	-0.966509	
3.3544E-5	-0.970486	
3.3552E-5	-0.974914	
3.356E-5	-0.971531	
3.3568E-5	-0.963635	
3.3576E-5	-0.955799	
3.3584E-5	-0.947282	
3.3592E-5	-0.946334	
3.36E-5	-0.955082	
3.3608E-5	-0.957031	
3.3616E-5	-0.936291	
3.3624E-5	-0.902229	
3.3632E-5	-0.881521	
3.364E-5	-0.883195	
3.3648E-5	-0.897467	
3.3656E-5	-0.914962	
3.3664E-5	-0.922146	
3.3672E-5	-0.918988	
3.368E-5	-0.924046	
3.3688E-5	-0.931089	
3.3696E-5	-0.927028	
3.3704E-5	-0.837466	
3.3712E-5	-0.551889	
3.372E-5	-0.128362	
3.3728E-5	0.281217	
3.3736E-5	0.598506	
3.3744E-5	0.815933	
3.3752E-5	0.953915	
3.376E-5	1.03027	
3.3768E-5	1.05372	
3.3776E-5	1.03253	
3.3784E-5	0.989668	
3.3792E-5	0.950106	
3.38E-5	0.92959	
3.3808E-5	0.925745	
3.3816E-5	0.928052	
3.3824E-5	0.935355	
3.3832E-5	0.9393	
3.384E-5	0.936335	
3.3848E-5	0.938574	
3.3856E-5	0.94868	
3.3864E-5	0.956956	
3.3872E-5	0.948322	
3.388E-5	0.927299	
3.3888E-5	0.914465	
3.3896E-5	0.910112	
3.3904E-5	0.912642	
3.3912E-5	0.924941	
3.392E-5	0.941397	
3.3928E-5	0.956524	
3.3936E-5	0.967876	
3.3944E-5	0.97732	
3.3952E-5	0.986126	
3.396E-5	0.987103	
3.3968E-5	0.973812	
3.3976E-5	0.954695	
3.3984E-5	0.943648	
3.3992E-5	0.937806	
3.4E-5	0.930447	
3.4008E-5	0.927539	
3.4016E-5	0.929995	
3.4024E-5	0.937579	
3.4032E-5	0.944453	
3.404E-5	0.943742	
3.4048E-5	0.940049	
3.4056E-5	0.933398	
3.4064E-5	0.919468	
3.4072E-5	0.8968	
3.408E-5	0.876207	
3.4088E-5	0.861412	
3.4096E-5	0.852673	
3.4104E-5	0.863601	
3.4112E-5	0.89213	
3.412E-5	0.925048	
3.4128E-5	0.955045	
3.4136E-5	0.974341	
3.4144E-5	0.981073	
3.4152E-5	0.977918	
3.416E-5	0.965246	
3.4168E-5	0.949176	
3.4176E-5	0.930372	
3.4184E-5	0.912472	
3.4192E-5	0.910709	
3.42E-5	0.91804	
3.4208E-5	0.921175	
3.4216E-5	0.919136	
3.4224E-5	0.911937	
3.4232E-5	0.909249	
3.424E-5	0.917231	
3.4248E-5	0.929858	
3.4256E-5	0.933462	
3.4264E-5	0.926841	
3.4272E-5	0.917093	
3.428E-5	0.905561	
3.4288E-5	0.896206	
3.4296E-5	0.885842	
3.4304E-5	0.873867	
3.4312E-5	0.86882	
3.432E-5	0.880418	
3.4328E-5	0.906065	
3.4336E-5	0.934948	
3.4344E-5	0.953751	
3.4352E-5	0.956184	
3.436E-5	0.951087	
3.4368E-5	0.936699	
3.4376E-5	0.918169	
3.4384E-5	0.915495	
3.4392E-5	0.923765	
3.44E-5	0.927842	
3.4408E-5	0.928617	
3.4416E-5	0.925739	
3.4424E-5	0.912959	
3.4432E-5	0.88711	
3.444E-5	0.862643	
3.4448E-5	0.854066	
3.4456E-5	0.858401	
3.4464E-5	0.873052	
3.4472E-5	0.891658	
3.448E-5	0.910481	
3.4488E-5	0.93154	
3.4496E-5	0.942712	
3.4504E-5	0.93761	
3.4512E-5	0.932553	
3.452E-5	0.929531	
3.4528E-5	0.924843	
3.4536E-5	0.920169	
3.4544E-5	0.906515	
3.4552E-5	0.885604	
3.456E-5	0.87315	
3.4568E-5	0.872208	
3.4576E-5	0.875375	
3.4584E-5	0.889947	
3.4592E-5	0.917395	
3.46E-5	0.941223	
3.4608E-5	0.952199	
3.4616E-5	0.956954	
3.4624E-5	0.963409	
3.4632E-5	0.967669	
3.464E-5	0.966447	
3.4648E-5	0.967386	
3.4656E-5	0.973842	
3.4664E-5	0.981818	
3.4672E-5	0.987445	
3.468E-5	0.97992	
3.4688E-5	0.95081	
3.4696E-5	0.914844	
3.4704E-5	0.892098	
3.4712E-5	0.88828	
3.472E-5	0.821895	
3.4728E-5	0.572227	
3.4736E-5	0.184046	
3.4744E-5	-0.204707	
3.4752E-5	-0.518899	
3.476E-5	-0.735808	
3.4768E-5	-0.862386	
3.4776E-5	-0.927966	
3.4784E-5	-0.961689	
3.4792E-5	-0.974842	
3.48E-5	-0.969023	
3.4808E-5	-0.951177	
3.4816E-5	-0.939107	
3.4824E-5	-0.9303	
3.4832E-5	-0.910161	
3.484E-5	-0.891299	
3.4848E-5	-0.887167	
3.4856E-5	-0.892787	
3.4864E-5	-0.908752	
3.4872E-5	-0.93344	
3.488E-5	-0.957625	
3.4888E-5	-0.976852	
3.4896E-5	-0.986889	
3.4904E-5	-0.987339	
3.4912E-5	-0.984333	
3.492E-5	-0.981521	
3.4928E-5	-0.975847	
3.4936E-5	-0.966327	
3.4944E-5	-0.952861	
3.4952E-5	-0.93394	
3.496E-5	-0.923066	
3.4968E-5	-0.926135	
3.4976E-5	-0.933743	
3.4984E-5	-0.942241	
3.4992E-5	-0.950334	
3.5E-5	-0.960268	
3.5008E-5	-0.972485	
3.5016E-5	-0.978877	
3.5024E-5	-0.972814	
3.5032E-5	-0.962729	
3.504E-5	-0.960933	
3.5048E-5	-0.961001	
3.5056E-5	-0.948866	
3.5064E-5	-0.926423	
3.5072E-5	-0.907701	
3.508E-5	-0.901137	
3.5088E-5	-0.897999	
3.5096E-5	-0.8867	
3.5104E-5	-0.877082	
3.5112E-5	-0.883173	
3.512E-5	-0.902236	
3.5128E-5	-0.927416	
3.5136E-5	-0.945234	
3.5144E-5	-0.948177	
3.5152E-5	-0.94946	
3.516E-5	-0.955778	
3.5168E-5	-0.956194	
3.5176E-5	-0.941571	
3.5184E-5	-0.926177	
3.5192E-5	-0.927167	
3.52E-5	-0.93696	
3.5208E-5	-0.945128	
3.5216E-5	-0.955132	
3.5224E-5	-0.968331	
3.5232E-5	-0.975753	
3.524E-5	-0.974038	
3.5248E-5	-0.973057	
3.5256E-5	-0.975074	
3.5264E-5	-0.975734	
3.5272E-5	-0.976356	
3.528E-5	-0.973696	
3.5288E-5	-0.967711	
3.5296E-5	-0.966817	
3.5304E-5	-0.968386	
3.5312E-5	-0.966757	
3.532E-5	-0.957773	
3.5328E-5	-0.939115	
3.5336E-5	-0.927375	
3.5344E-5	-0.93228	
3.5352E-5	-0.94337	
3.536E-5	-0.945032	
3.5368E-5	-0.933553	
3.5376E-5	-0.926108	
3.5384E-5	-0.928487	
3.5392E-5	-0.933224	
3.54E-5	-0.940638	
3.5408E-5	-0.950395	
3.5416E-5	-0.95498	
3.5424E-5	-0.946058	
3.5432E-5	-0.928885	
3.544E-5	-0.917851	
3.5448E-5	-0.911939	
3.5456E-5	-0.905866	
3.5464E-5	-0.909297	
3.5472E-5	-0.924222	
3.548E-5	-0.934408	
3.5488E-5	-0.928255	
3.5496E-5	-0.911362	
3.5504E-5	-0.887613	
3.5512E-5	-0.860785	
3.552E-5	-0.847059	
3.5528E-5	-0.857798	
3.5536E-5	-0.878747	
3.5544E-5	-0.893865	
3.5552E-5	-0.902101	
3.556E-5	-0.900012	
3.5568E-5	-0.899048	
3.5576E-5	-0.913008	
3.5584E-5	-0.928287	
3.5592E-5	-0.926451	
3.56E-5	-0.912901	
3.5608E-5	-0.90702	
3.5616E-5	-0.917289	
3.5624E-5	-0.935338	
3.5632E-5	-0.95162	
3.564E-5	-0.96629	
3.5648E-5	-0.979726	
3.5656E-5	-0.988533	
3.5664E-5	-0.985556	
3.5672E-5	-0.97253	
3.568E-5	-0.96485	
3.5688E-5	-0.961514	
3.5696E-5	-0.954878	
3.5704E-5	-0.948115	
3.5712E-5	-0.936795	
3.572E-5	-0.919301	
3.5728E-5	-0.903489	
3.5736E-5	-0.81073	
3.5744E-5	-0.535526	
3.5752E-5	-0.137653	
3.576E-5	0.255185	
3.5768E-5	0.569088	
3.5776E-5	0.779219	
3.5784E-5	0.905829	
3.5792E-5	0.977463	
3.58E-5	1.01473	
3.5808E-5	1.02743	
3.5816E-5	1.01488	
3.5824E-5	0.982252	
3.5832E-5	0.951652	
3.584E-5	0.940566	
3.5848E-5	0.940791	
3.5856E-5	0.940192	
3.5864E-5	0.933114	
3.5872E-5	0.917814	
3.588E-5	0.910468	
3.5888E-5	0.919872	
3.5896E-5	0.936876	
3.5904E-5	0.944989	
3.5912E-5	0.937275	
3.592E-5	0.929579	
3.5928E-5	0.927013	
3.5936E-5	0.928132	
3.5944E-5	0.937165	
3.5952E-5	0.950908	
3.596E-5	0.965564	
3.5968E-5	0.979105	
3.5976E-5	0.989598	
3.5984E-5	0.991949	
3.5992E-5	0.982935	