Time - Plot 0	Amplitude - Plot 0	
0	0.570923	
8E-9	0.511108	
1.6E-8	0.56958	
2.4E-8	0.687866	
3.2E-8	0.524292	
4E-8	0.392944	
4.8E-8	0.715698	
5.6E-8	0.372803	
6.4E-8	0.643921	
7.2E-8	0.431152	
8E-8	0.578613	
8.8E-8	0.723389	
9.6E-8	0.69873	
1.04E-7	0.741577	
1.12E-7	0.569336	
1.2E-7	0.644409	
1.28E-7	0.634277	
1.36E-7	0.720825	
1.44E-7	0.672607	
1.52E-7	0.74585	
1.6E-7	0.651489	
1.68E-7	0.528076	
1.76E-7	0.469604	
1.84E-7	0.473633	
1.92E-7	0.69751	
2E-7	0.752197	
2.08E-7	0.616577	
2.16E-7	0.657837	
2.24E-7	0.401733	
2.32E-7	0.614136	
2.4E-7	0.641724	
2.48E-7	0.650757	
2.56E-7	0.69397	
2.64E-7	0.465332	
2.72E-7	0.604248	
2.8E-7	0.774414	
2.88E-7	0.49231	
2.96E-7	0.517456	
3.04E-7	0.490601	
3.12E-7	0.529175	
3.2E-7	0.696045	
3.28E-7	0.715942	
3.36E-7	0.533569	
3.44E-7	0.492676	
3.52E-7	0.780762	
3.6E-7	0.494995	
3.68E-7	0.722046	
3.76E-7	0.786865	
3.84E-7	0.510132	
3.92E-7	0.572998	
4E-7	0.618774	
4.08E-7	0.457764	
4.16E-7	0.775879	
4.24E-7	0.561157	
4.32E-7	0.435059	
4.4E-7	0.659668	
4.48E-7	0.639648	
4.56E-7	0.511108	
4.64E-7	0.752563	
4.72E-7	0.705444	
4.8E-7	0.736572	
4.88E-7	0.590576	
4.96E-7	0.755737	
5.04E-7	0.592041	
5.12E-7	0.701782	
5.2E-7	0.681885	
5.28E-7	0.802124	
5.36E-7	0.809937	
5.44E-7	0.541748	
5.52E-7	0.685547	
5.6E-7	0.487793	
5.68E-7	0.793823	
5.76E-7	0.469849	
5.84E-7	0.588135	
5.92E-7	0.730347	
6E-7	0.522827	
6.08E-7	0.465576	
6.16E-7	0.748657	
6.24E-7	0.548706	
6.32E-7	0.781372	
6.4E-7	0.545532	
6.48E-7	0.626709	
6.56E-7	0.575806	
6.64E-7	0.526978	
6.72E-7	0.500977	
6.8E-7	0.721436	
6.88E-7	0.791748	
6.96E-7	0.794067	
7.04E-7	0.474365	
7.12E-7	0.464966	
7.2E-7	0.639648	
7.28E-7	0.682495	
7.36E-7	0.762817	
7.44E-7	0.761597	
7.52E-7	0.745483	
7.6E-7	0.768921	
7.68E-7	0.597778	
7.76E-7	0.797119	
7.84E-7	0.755249	
7.92E-7	0.634155	
8E-7	0.493164	
8.08E-7	0.581909	
8.16E-7	0.578613	
8.24E-7	0.552002	
8.32E-7	0.56189	
8.4E-7	0.510254	
8.48E-7	0.491455	
8.56E-7	0.539795	
8.64E-7	0.775024	
8.72E-7	0.638428	
8.8E-7	0.78894	
8.88E-7	0.599731	
8.96E-7	0.494141	
9.04E-7	0.515625	
9.12E-7	0.766479	
9.2E-7	0.440796	
9.28E-7	0.579224	
9.36E-7	0.562866	
9.44E-7	0.590576	
9.52E-7	0.508179	
9.6E-7	0.664795	
9.68E-7	0.77478	
9.76E-7	0.702637	
9.84E-7	0.439819	
9.92E-7	0.661133	
1E-6	0.573242	
1.008E-6	0.633911	
1.016E-6	0.736938	
1.024E-6	0.468628	
1.032E-6	0.623657	
1.04E-6	0.757568	
1.048E-6	0.686523	
1.056E-6	0.743774	
1.064E-6	0.538696	
1.072E-6	0.695312	
1.08E-6	0.623779	
1.088E-6	0.753052	
1.096E-6	0.535767	
1.104E-6	0.422363	
1.112E-6	0.691895	
1.12E-6	0.490601	
1.128E-6	0.474365	
1.136E-6	0.574219	
1.144E-6	0.675781	
1.152E-6	0.606323	
1.16E-6	0.408325	
1.168E-6	0.636475	
1.176E-6	0.646606	
1.184E-6	0.484497	
1.192E-6	0.626343	
1.2E-6	0.45105	
1.208E-6	0.497192	
1.216E-6	0.480957	
1.224E-6	0.463379	
1.232E-6	0.39209	
1.24E-6	0.590088	
1.248E-6	0.623413	
1.256E-6	0.666992	
1.264E-6	0.70459	
1.272E-6	0.544922	
1.28E-6	0.515869	
1.288E-6	0.518311	
1.296E-6	0.704468	
1.304E-6	0.497681	
1.312E-6	0.383545	
1.32E-6	0.390259	
1.328E-6	0.44519	
1.336E-6	0.631714	
1.344E-6	0.347534	
1.352E-6	0.329712	
1.36E-6	0.513428	
1.368E-6	0.392456	
1.376E-6	0.638184	
1.384E-6	0.671143	
1.392E-6	0.387451	
1.4E-6	0.473999	
1.408E-6	0.466309	
1.416E-6	0.652588	
1.424E-6	0.334106	
1.432E-6	0.311279	
1.44E-6	0.611328	
1.448E-6	0.615601	
1.456E-6	0.652832	
1.464E-6	0.276611	
1.472E-6	0.58252	
1.48E-6	0.419922	
1.488E-6	0.4375	
1.496E-6	0.301392	
1.504E-6	0.464478	
1.512E-6	0.270386	
1.52E-6	0.334839	
1.528E-6	0.356445	
1.536E-6	0.283569	
1.544E-6	0.24939	
1.552E-6	0.439697	
1.56E-6	0.560181	
1.568E-6	0.573853	
1.576E-6	0.255859	
1.584E-6	0.240234	
1.592E-6	0.535156	
1.6E-6	0.438843	
1.608E-6	0.312134	
1.616E-6	0.532837	
1.624E-6	0.222412	
1.632E-6	0.399292	
1.64E-6	0.573608	
1.648E-6	0.209351	
1.656E-6	0.318115	
1.664E-6	0.51709	
1.672E-6	0.27417	
1.68E-6	0.334839	
1.688E-6	0.333496	
1.696E-6	0.438721	
1.704E-6	0.484375	
1.712E-6	0.424194	
1.72E-6	0.402344	
1.728E-6	0.437012	
1.736E-6	0.371704	
1.744E-6	0.213257	
1.752E-6	0.245117	
1.76E-6	0.396118	
1.768E-6	0.178589	
1.776E-6	0.293457	
1.784E-6	0.476562	
1.792E-6	0.178223	
1.8E-6	0.146851	
1.808E-6	0.155029	
1.816E-6	0.46875	
1.824E-6	0.416748	
1.832E-6	0.126099	
1.84E-6	0.168701	
1.848E-6	0.208618	
1.856E-6	0.161011	
1.864E-6	0.113525	
1.872E-6	0.394775	
1.88E-6	0.405518	
1.888E-6	0.448364	
1.896E-6	0.367187	
1.904E-6	0.26062	
1.912E-6	0.291626	
1.92E-6	0.175293	
1.928E-6	0.327148	
1.936E-6	0.345581	
1.944E-6	0.310059	
1.952E-6	0.390991	
1.96E-6	0.0869141	
1.968E-6	0.158813	
1.976E-6	0.265869	
1.984E-6	0.158081	
1.992E-6	0.0527344	
2E-6	0.356567	
2.008E-6	0.397095	
2.016E-6	0.250122	
2.024E-6	0.144531	
2.032E-6	0.0769043	
2.04E-6	0.194702	
2.048E-6	0.313843	
2.056E-6	0.331543	
2.064E-6	0.362305	
2.072E-6	0.0390625	
2.08E-6	0.33313	
2.088E-6	0.272827	
2.096E-6	0.00280762	
2.104E-6	0.21936	
2.112E-6	0.0699463	
2.12E-6	0.106689	
2.128E-6	0.168335	
2.136E-6	0.0834961	
2.144E-6	0.33728	
2.152E-6	0.310181	
2.16E-6	0.253418	
2.168E-6	0.212891	
2.176E-6	0.085083	
2.184E-6	0.18103	
2.192E-6	0.0141602	
2.2E-6	0.0653076	
2.208E-6	-0.0473633	
2.216E-6	0.278809	
2.224E-6	-0.0578613	
2.232E-6	-0.0731201	
2.24E-6	0.161865	
2.248E-6	-0.0789795	
2.256E-6	0.165649	
2.264E-6	-0.00549316	
2.272E-6	0.240479	
2.28E-6	-0.00195312	
2.288E-6	0.163452	
2.296E-6	0.0610352	
2.304E-6	0.169067	
2.312E-6	-0.0389404	
2.32E-6	0.036377	
2.328E-6	0.0319824	
2.336E-6	0.197021	
2.344E-6	0.0876465	
2.352E-6	-0.0638428	
2.36E-6	-0.0491943	
2.368E-6	-0.136597	
2.376E-6	-0.10022	
2.384E-6	0.0540771	
2.392E-6	-0.078125	
2.4E-6	0.00915527	
2.408E-6	-0.0136719	
2.416E-6	0.140503	
2.424E-6	0.0307617	
2.432E-6	-0.139282	
2.44E-6	0.109985	
2.448E-6	0.0789795	
2.456E-6	0.0197754	
2.464E-6	-0.0672607	
2.472E-6	-0.0505371	
2.48E-6	-0.108887	
2.488E-6	0.150391	
2.496E-6	0.0200195	
2.504E-6	0.0390625	
2.512E-6	-0.161499	
2.52E-6	-0.1875	
2.528E-6	-0.148315	
2.536E-6	0.0100098	
2.544E-6	-0.204468	
2.552E-6	-0.0224609	
2.56E-6	0.0698242	
2.568E-6	-0.130127	
2.576E-6	-0.00292969	
2.584E-6	-0.0493164	
2.592E-6	0.0650635	
2.6E-6	-0.00646973	
2.608E-6	-0.153076	
2.616E-6	-0.160034	
2.624E-6	-0.0787354	
2.632E-6	-0.169678	
2.64E-6	0.0404053	
2.648E-6	-0.131348	
2.656E-6	-0.213623	
2.664E-6	-0.188965	
2.672E-6	-0.256226	
2.68E-6	-0.182983	
2.688E-6	-0.0255127	
2.696E-6	-0.181274	
2.704E-6	-0.263794	
2.712E-6	-0.32312	
2.72E-6	-0.169922	
2.728E-6	-0.265747	
2.736E-6	-0.178589	
2.744E-6	-0.256592	
2.752E-6	-0.0404053	
2.76E-6	-0.293579	
2.768E-6	-0.309692	
2.776E-6	-0.0898437	
2.784E-6	-0.320801	
2.792E-6	-0.202026	
2.8E-6	-0.0638428	
2.808E-6	-0.37085	
2.816E-6	-0.317627	
2.824E-6	-0.0595703	
2.832E-6	-0.112671	
2.84E-6	-0.125977	
2.848E-6	-0.180908	
2.856E-6	-0.0822754	
2.864E-6	-0.335693	
2.872E-6	-0.11377	
2.88E-6	-0.220337	
2.888E-6	-0.161865	
2.896E-6	-0.117065	
2.904E-6	-0.106812	
2.912E-6	-0.37854	
2.92E-6	-0.106445	
2.928E-6	-0.12854	
2.936E-6	-0.222778	
2.944E-6	-0.12915	
2.952E-6	-0.446167	
2.96E-6	-0.351562	
2.968E-6	-0.110596	
2.976E-6	-0.274414	
2.984E-6	-0.210571	
2.992E-6	-0.399292	
3E-6	-0.296387	
3.008E-6	-0.231689	
3.016E-6	-0.298828	
3.024E-6	-0.14917	
3.032E-6	-0.37915	
3.04E-6	-0.415894	
3.048E-6	-0.203735	
3.056E-6	-0.453369	
3.064E-6	-0.46228	
3.072E-6	-0.458252	
3.08E-6	-0.154541	
3.088E-6	-0.313843	
3.096E-6	-0.266113	
3.104E-6	-0.469849	
3.112E-6	-0.320435	
3.12E-6	-0.261353	
3.128E-6	-0.34436	
3.136E-6	-0.372803	
3.144E-6	-0.515747	
3.152E-6	-0.530273	
3.16E-6	-0.375122	
3.168E-6	-0.538818	
3.176E-6	-0.324951	
3.184E-6	-0.310791	
3.192E-6	-0.531372	
3.2E-6	-0.543457	
3.208E-6	-0.278931	
3.216E-6	-0.316162	
3.224E-6	-0.530396	
3.232E-6	-0.506104	
3.24E-6	-0.587402	
3.248E-6	-0.499634	
3.256E-6	-0.530273	
3.264E-6	-0.512573	
3.272E-6	-0.34021	
3.28E-6	-0.562256	
3.288E-6	-0.579102	
3.296E-6	-0.56311	
3.304E-6	-0.251221	
3.312E-6	-0.299805	
3.32E-6	-0.373291	
3.328E-6	-0.487427	
3.336E-6	-0.565674	
3.344E-6	-0.294434	
3.352E-6	-0.323975	
3.36E-6	-0.538574	
3.368E-6	-0.636475	
3.376E-6	-0.268188	
3.384E-6	-0.606201	
3.392E-6	-0.423828	
3.4E-6	-0.57666	
3.408E-6	-0.393433	
3.416E-6	-0.519043	
3.424E-6	-0.347534	
3.432E-6	-0.57019	
3.44E-6	-0.633667	
3.448E-6	-0.663086	
3.456E-6	-0.494141	
3.464E-6	-0.583374	
3.472E-6	-0.345947	
3.48E-6	-0.669312	
3.488E-6	-0.402954	
3.496E-6	-0.342529	
3.504E-6	-0.495239	
3.512E-6	-0.463501	
3.52E-6	-0.518188	
3.528E-6	-0.41626	
3.536E-6	-0.397461	
3.544E-6	-0.530518	
3.552E-6	-0.517822	
3.56E-6	-0.493774	
3.568E-6	-0.536621	
3.576E-6	-0.452637	
3.584E-6	-0.433472	
3.592E-6	-0.537231	
3.6E-6	-0.524292	
3.608E-6	-0.698364	
3.616E-6	-0.674072	
3.624E-6	-0.687744	
3.632E-6	-0.644409	
3.64E-6	-0.728271	
3.648E-6	-0.721924	
3.656E-6	-0.459473	
3.664E-6	-0.638428	
3.672E-6	-0.491333	
3.68E-6	-0.583374	
3.688E-6	-0.522217	
3.696E-6	-0.687256	
3.704E-6	-0.431641	
3.712E-6	-0.611694	
3.72E-6	-0.611694	
3.728E-6	-0.640381	
3.736E-6	-0.53894	
3.744E-6	-0.434204	
3.752E-6	-0.4104	
3.76E-6	-0.378418	
3.768E-6	-0.416992	
3.776E-6	-0.384888	
3.784E-6	-0.554199	
3.792E-6	-0.609863	
3.8E-6	-0.452271	
3.808E-6	-0.402832	
3.816E-6	-0.659424	
3.824E-6	-0.734375	
3.832E-6	-0.544678	
3.84E-6	-0.597046	
3.848E-6	-0.636353	
3.856E-6	-0.405884	
3.864E-6	-0.435181	
3.872E-6	-0.59729	
3.88E-6	-0.615234	
3.888E-6	-0.499146	
3.896E-6	-0.578979	
3.904E-6	-0.59021	
3.912E-6	-0.649536	
3.92E-6	-0.560547	
3.928E-6	-0.559937	
3.936E-6	-0.535522	
3.944E-6	-0.499146	
3.952E-6	-0.589111	
3.96E-6	-0.647705	
3.968E-6	-0.695801	
3.976E-6	-0.560913	
3.984E-6	-0.723877	
3.992E-6	-0.666138	
4E-6	-0.519287	
4.008E-6	-0.700562	
4.016E-6	-0.45813	
4.024E-6	-0.777344	
4.032E-6	-0.692749	
4.04E-6	-0.431519	
4.048E-6	-0.507568	
4.056E-6	-0.519531	
4.064E-6	-0.7146	
4.072E-6	-0.762939	
4.08E-6	-0.601929	
4.088E-6	-0.74585	
4.096E-6	-0.442993	
4.104E-6	-0.504395	
4.112E-6	-0.497925	
4.12E-6	-0.620239	
4.128E-6	-0.597534	
4.136E-6	-0.677002	
4.144E-6	-0.776978	
4.152E-6	-0.498657	
4.16E-6	-0.564819	
4.168E-6	-0.560425	
4.176E-6	-0.797363	
4.184E-6	-0.623657	
4.192E-6	-0.592896	
4.2E-6	-0.769653	
4.208E-6	-0.58374	
4.216E-6	-0.509521	
4.224E-6	-0.803589	
4.232E-6	-0.471191	
4.24E-6	-0.514648	
4.248E-6	-0.622925	
4.256E-6	-0.747437	
4.264E-6	-0.498901	
4.272E-6	-0.602051	
4.28E-6	-0.503052	
4.288E-6	-0.597168	
4.296E-6	-0.474731	
4.304E-6	-0.752441	
4.312E-6	-0.506226	
4.32E-6	-0.815674	
4.328E-6	-0.744751	
4.336E-6	-0.728882	
4.344E-6	-0.660034	
4.352E-6	-0.815796	
4.36E-6	-0.762817	
4.368E-6	-0.654175	
4.376E-6	-0.626343	
4.384E-6	-0.761108	
4.392E-6	-0.494507	
4.4E-6	-0.482788	
4.408E-6	-0.491699	
4.416E-6	-0.517456	
4.424E-6	-0.720215	
4.432E-6	-0.728149	
4.44E-6	-0.525635	
4.448E-6	-0.778931	
4.456E-6	-0.766357	
4.464E-6	-0.667236	
4.472E-6	-0.589111	
4.48E-6	-0.526123	
4.488E-6	-0.575928	
4.496E-6	-0.742676	
4.504E-6	-0.516724	
4.512E-6	-0.642212	
4.52E-6	-0.695435	
4.528E-6	-0.653076	
4.536E-6	-0.474854	
4.544E-6	-0.50415	
4.552E-6	-0.766479	
4.56E-6	-0.748169	
4.568E-6	-0.528687	
4.576E-6	-0.447388	
4.584E-6	-0.462646	
4.592E-6	-0.723022	
4.6E-6	-0.510132	
4.608E-6	-0.605957	
4.616E-6	-0.704834	
4.624E-6	-0.771973	
4.632E-6	-0.724487	
4.64E-6	-0.611206	
4.648E-6	-0.536987	
4.656E-6	-0.454834	
4.664E-6	-0.645386	
4.672E-6	-0.78833	
4.68E-6	-0.571777	
4.688E-6	-0.697754	
4.696E-6	-0.475464	
4.704E-6	-0.729126	
4.712E-6	-0.596558	
4.72E-6	-0.610962	
4.728E-6	-0.581909	
4.736E-6	-0.476074	
4.744E-6	-0.577393	
4.752E-6	-0.659424	
4.76E-6	-0.611206	
4.768E-6	-0.666016	
4.776E-6	-0.420654	
4.784E-6	-0.750244	
4.792E-6	-0.535034	
4.8E-6	-0.502441	
4.808E-6	-0.660034	
4.816E-6	-0.481567	
4.824E-6	-0.685303	
4.832E-6	-0.458496	
4.84E-6	-0.467896	
4.848E-6	-0.702393	
4.856E-6	-0.410034	
4.864E-6	-0.481812	
4.872E-6	-0.611084	
4.88E-6	-0.417603	
4.888E-6	-0.601562	
4.896E-6	-0.602661	
4.904E-6	-0.654053	
4.912E-6	-0.721191	
4.92E-6	-0.36084	
4.928E-6	-0.669922	
4.936E-6	-0.69043	
4.944E-6	-0.5448	
4.952E-6	-0.637695	
4.96E-6	-0.460449	
4.968E-6	-0.669189	
4.976E-6	-0.697998	
4.984E-6	-0.442627	
4.992E-6	-0.427002	
5E-6	-0.379883	
5.008E-6	-0.694214	
5.016E-6	-0.582397	
5.024E-6	-0.330811	
5.032E-6	-0.415649	
5.04E-6	-0.62915	
5.048E-6	-0.572876	
5.056E-6	-0.412354	
5.064E-6	-0.642578	
5.072E-6	-0.563232	
5.08E-6	-0.6698	
5.088E-6	-0.573242	
5.096E-6	-0.479004	
5.104E-6	-0.538208	
5.112E-6	-0.343628	
5.12E-6	-0.626343	
5.128E-6	-0.580933	
5.136E-6	-0.31958	
5.144E-6	-0.492432	
5.152E-6	-0.626709	
5.16E-6	-0.430176	
5.168E-6	-0.511841	
5.176E-6	-0.59314	
5.184E-6	-0.312134	
5.192E-6	-0.53772	
5.2E-6	-0.330688	
5.208E-6	-0.410034	
5.216E-6	-0.341187	
5.224E-6	-0.576416	
5.232E-6	-0.580566	
5.24E-6	-0.376709	
5.248E-6	-0.423096	
5.256E-6	-0.463013	
5.264E-6	-0.575317	
5.272E-6	-0.261841	
5.28E-6	-0.459106	
5.288E-6	-0.420776	
5.296E-6	-0.329834	
5.304E-6	-0.562012	
5.312E-6	-0.509521	
5.32E-6	-0.483398	
5.328E-6	-0.321777	
5.336E-6	-0.516724	
5.344E-6	-0.514404	
5.352E-6	-0.505127	
5.36E-6	-0.245483	
5.368E-6	-0.545654	
5.376E-6	-0.384521	
5.384E-6	-0.536255	
5.392E-6	-0.506104	
5.4E-6	-0.395752	
5.408E-6	-0.378052	
5.416E-6	-0.304321	
5.424E-6	-0.510986	
5.432E-6	-0.501221	
5.44E-6	-0.309937	
5.448E-6	-0.371948	
5.456E-6	-0.341553	
5.464E-6	-0.294678	
5.472E-6	-0.376587	
5.48E-6	-0.205688	
5.488E-6	-0.435303	
5.496E-6	-0.473633	
5.504E-6	-0.411011	
5.512E-6	-0.393311	
5.52E-6	-0.436768	
5.528E-6	-0.393066	
5.536E-6	-0.192383	
5.544E-6	-0.265869	
5.552E-6	-0.232544	
5.56E-6	-0.15686	
5.568E-6	-0.406494	
5.576E-6	-0.337524	
5.584E-6	-0.444092	
5.592E-6	-0.236572	
5.6E-6	-0.372314	
5.608E-6	-0.119141	
5.616E-6	-0.341064	
5.624E-6	-0.39563	
5.632E-6	-0.109253	
5.64E-6	-0.251099	
5.648E-6	-0.28479	
5.656E-6	-0.101929	
5.664E-6	-0.108521	
5.672E-6	-0.0788574	
5.68E-6	-0.21521	
5.688E-6	-0.0509033	
5.696E-6	-0.232788	
5.704E-6	-0.065918	
5.712E-6	-0.348633	
5.72E-6	-0.372192	
5.728E-6	-0.189819	
5.736E-6	-0.109253	
5.744E-6	-0.206421	
5.752E-6	-0.314209	
5.76E-6	-0.238403	
5.768E-6	-0.317017	
5.776E-6	-0.0828857	
5.784E-6	-0.000976562	
5.792E-6	-0.330322	
5.8E-6	-0.294678	
5.808E-6	-0.274536	
5.816E-6	-0.205566	
5.824E-6	-0.195312	
5.832E-6	-0.00195312	
5.84E-6	0.0194092	
5.848E-6	-0.17749	
5.856E-6	-0.240723	
5.864E-6	-0.304565	
5.872E-6	0.00109863	
5.88E-6	-0.247681	
5.888E-6	-0.0825195	
5.896E-6	-0.0648193	
5.904E-6	-0.143921	
5.912E-6	0.059082	
5.92E-6	-0.261353	
5.928E-6	-0.0584717	
5.936E-6	-0.205933	
5.944E-6	-0.0357666	
5.952E-6	-0.122559	
5.96E-6	-0.276489	
5.968E-6	0.00439453	
5.976E-6	0.0505371	
5.984E-6	-0.143921	
5.992E-6	-0.0279541	
6E-6	0.0460205	
6.008E-6	-0.116699	
6.016E-6	-0.0313721	
6.024E-6	-0.213989	
6.032E-6	-0.112793	
6.04E-6	-0.152466	
6.048E-6	-0.0100098	
6.056E-6	-0.188721	
6.064E-6	0.0158691	
6.072E-6	-0.109375	
6.08E-6	-0.0397949	
6.088E-6	-0.043457	
6.096E-6	-0.0761719	
6.104E-6	0.0705566	
6.112E-6	-0.194946	
6.12E-6	-0.115479	
6.128E-6	0.000732422	
6.136E-6	0.0100098	
6.144E-6	-0.0874023	
6.152E-6	-0.155518	
6.16E-6	0.140503	
6.168E-6	-0.0162354	
6.176E-6	0.0411377	
6.184E-6	0.117676	
6.192E-6	0.11792	
6.2E-6	0.207153	
6.208E-6	-0.0898437	
6.216E-6	0.203369	
6.224E-6	0.139038	
6.232E-6	0.18335	
6.24E-6	0.152832	
6.248E-6	0.0106201	
6.256E-6	0.109131	
6.264E-6	0.0257568	
6.272E-6	0.186523	
6.28E-6	0.108398	
6.288E-6	-0.0372314	
6.296E-6	0.185059	
6.304E-6	-0.0196533	
6.312E-6	0.236084	
6.32E-6	0.0628662	
6.328E-6	0.266357	
6.336E-6	0.182617	
6.344E-6	0.0718994	
6.352E-6	0.148437	
6.36E-6	0.218262	
6.368E-6	0.0614014	
6.376E-6	-0.00134277	
6.384E-6	0.220581	
6.392E-6	0.265503	
6.4E-6	0.175415	
6.408E-6	0.234741	
6.416E-6	0.0109863	
6.424E-6	0.145508	
6.432E-6	0.0131836	
6.44E-6	0.291626	
6.448E-6	0.290771	
6.456E-6	0.126221	
6.464E-6	0.0255127	
6.472E-6	0.308838	
6.48E-6	0.324707	
6.488E-6	0.0284424	
6.496E-6	0.337036	
6.504E-6	0.0437012	
6.512E-6	0.0174561	
6.52E-6	0.141846	
6.528E-6	0.111694	
6.536E-6	0.256958	
6.544E-6	0.208618	
6.552E-6	0.384644	
6.56E-6	0.14209	
6.568E-6	0.324951	
6.576E-6	0.0617676	
6.584E-6	0.266724	
6.592E-6	0.113159	
6.6E-6	0.116089	
6.608E-6	0.209106	
6.616E-6	0.364502	
6.624E-6	0.083252	
6.632E-6	0.385376	
6.64E-6	0.352295	
6.648E-6	0.132568	
6.656E-6	0.360107	
6.664E-6	0.13623	
6.672E-6	0.345337	
6.68E-6	0.130127	
6.688E-6	0.155273	
6.696E-6	0.226074	
6.704E-6	0.262085	
6.712E-6	0.248413	
6.72E-6	0.304443	
6.728E-6	0.459351	
6.736E-6	0.259399	
6.744E-6	0.360474	
6.752E-6	0.450439	
6.76E-6	0.184204	
6.768E-6	0.427124	
6.776E-6	0.392212	
6.784E-6	0.298584	
6.792E-6	0.401855	
6.8E-6	0.283813	
6.808E-6	0.411621	
6.816E-6	0.436646	
6.824E-6	0.422119	
6.832E-6	0.281982	
6.84E-6	0.289307	
6.848E-6	0.447144	
6.856E-6	0.227539	
6.864E-6	0.525635	
6.872E-6	0.279907	
6.88E-6	0.180908	
6.888E-6	0.367187	
6.896E-6	0.312988	
6.904E-6	0.485718	
6.912E-6	0.22876	
6.92E-6	0.25647	
6.928E-6	0.515015	
6.936E-6	0.46814	
6.944E-6	0.441406	
6.952E-6	0.300415	
6.96E-6	0.424194	
6.968E-6	0.283203	
6.976E-6	0.366089	
6.984E-6	0.305298	
6.992E-6	0.522949	
7E-6	0.490723	
7.008E-6	0.513306	
7.016E-6	0.259399	
7.024E-6	0.349609	
7.032E-6	0.293579	
7.04E-6	0.263672	
7.048E-6	0.482056	
7.056E-6	0.5448	
7.064E-6	0.445312	
7.072E-6	0.267212	
7.08E-6	0.386353	
7.088E-6	0.293457	
7.096E-6	0.279541	
7.104E-6	0.289917	
7.112E-6	0.501953	
7.12E-6	0.540527	
7.128E-6	0.489746	
7.136E-6	0.303101	
7.144E-6	0.45166	
7.152E-6	0.651489	
7.16E-6	0.451904	
7.168E-6	0.376343	
7.176E-6	0.365723	
7.184E-6	0.569092	
7.192E-6	0.423828	
7.2E-6	0.641846	
7.208E-6	0.414795	
7.216E-6	0.461548	
7.224E-6	0.618774	
7.232E-6	0.489624	
7.24E-6	0.606079	
7.248E-6	0.359863	
7.256E-6	0.496948	
7.264E-6	0.572021	
7.272E-6	0.535889	
7.28E-6	0.54187	
7.288E-6	0.630615	
7.296E-6	0.390991	
7.304E-6	0.628906	
7.312E-6	0.576294	
7.32E-6	0.508545	
7.328E-6	0.354858	
7.336E-6	0.348633	
7.344E-6	0.464844	
7.352E-6	0.514771	
7.36E-6	0.536987	
7.368E-6	0.676392	
7.376E-6	0.587402	
7.384E-6	0.453857	
7.392E-6	0.391479	
7.4E-6	0.484619	
7.408E-6	0.648682	
7.416E-6	0.390991	
7.424E-6	0.391113	
7.432E-6	0.378906	
7.44E-6	0.534302	
7.448E-6	0.593506	
7.456E-6	0.738403	
7.464E-6	0.7323	
7.472E-6	0.494263	
7.48E-6	0.462158	
7.488E-6	0.486694	
7.496E-6	0.609375	
7.504E-6	0.631958	
7.512E-6	0.506226	
7.52E-6	0.667725	
7.528E-6	0.619873	
7.536E-6	0.497681	
7.544E-6	0.423218	
7.552E-6	0.393188	
7.56E-6	0.756836	
7.568E-6	0.651123	
7.576E-6	0.468872	
7.584E-6	0.487671	
7.592E-6	0.698608	
7.6E-6	0.477905	
7.608E-6	0.444336	
7.616E-6	0.48877	
7.624E-6	0.444702	
7.632E-6	0.770264	
7.64E-6	0.766113	
7.648E-6	0.781006	
7.656E-6	0.760498	
7.664E-6	0.584473	
7.672E-6	0.425171	
7.68E-6	0.706543	
7.688E-6	0.776367	
7.696E-6	0.771851	
7.704E-6	0.683594	
7.712E-6	0.524414	
7.72E-6	0.562744	
7.728E-6	0.685425	
7.736E-6	0.456177	
7.744E-6	0.462769	
7.752E-6	0.664062	
7.76E-6	0.502808	
7.768E-6	0.65686	
7.776E-6	0.485474	
7.784E-6	0.550049	
7.792E-6	0.709106	
7.8E-6	0.699341	
7.808E-6	0.481812	
7.816E-6	0.585449	
7.824E-6	0.642944	
7.832E-6	0.786499	
7.84E-6	0.65564	
7.848E-6	0.593994	
7.856E-6	0.802612	
7.864E-6	0.592285	
7.872E-6	0.488037	
7.88E-6	0.623291	
7.888E-6	0.610474	
7.896E-6	0.556763	
7.904E-6	0.682739	
7.912E-6	0.518188	
7.92E-6	0.586426	
7.928E-6	0.794312	
7.936E-6	0.72522	
7.944E-6	0.696899	
7.952E-6	0.46936	
7.96E-6	0.591919	
7.968E-6	0.730103	
7.976E-6	0.599121	
7.984E-6	0.514771	
7.992E-6	0.801147	
8E-6	0.446289	
8.008E-6	0.727173	
8.016E-6	0.770996	
8.024E-6	0.760986	
8.032E-6	0.455566	
8.04E-6	0.469116	
8.048E-6	0.781128	
8.056E-6	0.731445	
8.064E-6	0.576172	
8.072E-6	0.747192	
8.08E-6	0.756592	
8.088E-6	0.642212	
8.096E-6	0.655884	
8.104E-6	0.581665	
8.112E-6	0.47583	
8.12E-6	0.645142	
8.128E-6	0.792969	
8.136E-6	0.50708	
8.144E-6	0.497314	
8.152E-6	0.493042	
8.16E-6	0.441895	
8.168E-6	0.583984	
8.176E-6	0.674438	
8.184E-6	0.744385	
8.192E-6	0.706421	
8.2E-6	0.584961	
8.208E-6	0.650757	
8.216E-6	0.461304	
8.224E-6	0.792114	
8.232E-6	0.680542	
8.24E-6	0.636353	
8.248E-6	0.518921	
8.256E-6	0.728394	
8.264E-6	0.756348	
8.272E-6	0.503418	
8.28E-6	0.642944	
8.288E-6	0.645386	
8.296E-6	0.576172	
8.304E-6	0.561401	
8.312E-6	0.664185	
8.32E-6	0.708984	
8.328E-6	0.550903	
8.336E-6	0.775391	
8.344E-6	0.55249	
8.352E-6	0.490967	
8.36E-6	0.718628	
8.368E-6	0.462036	
8.376E-6	0.633179	
8.384E-6	0.448486	
8.392E-6	0.497437	
8.4E-6	0.619995	
8.408E-6	0.512939	
8.416E-6	0.412842	
8.424E-6	0.738525	
8.432E-6	0.720581	
8.44E-6	0.391602	
8.448E-6	0.631104	
8.456E-6	0.677124	
8.464E-6	0.436646	
8.472E-6	0.628174	
8.48E-6	0.721802	
8.488E-6	0.52417	
8.496E-6	0.630981	
8.504E-6	0.429199	
8.512E-6	0.414795	
8.52E-6	0.662354	
8.528E-6	0.424683	
8.536E-6	0.5448	
8.544E-6	0.38147	
8.552E-6	0.400146	
8.56E-6	0.509644	
8.568E-6	0.398071	
8.576E-6	0.626465	
8.584E-6	0.599121	
8.592E-6	0.456665	
8.6E-6	0.502197	
8.608E-6	0.357422	
8.616E-6	0.582153	
8.624E-6	0.64502	
8.632E-6	0.505493	
8.64E-6	0.657837	
8.648E-6	0.619629	
8.656E-6	0.54895	
8.664E-6	0.592285	
8.672E-6	0.582886	
8.68E-6	0.460815	
8.688E-6	0.458984	
8.696E-6	0.349976	
8.704E-6	0.591309	
8.712E-6	0.627808	
8.72E-6	0.396362	
8.728E-6	0.545166	
8.736E-6	0.331055	
8.744E-6	0.497437	
8.752E-6	0.513794	
8.76E-6	0.544556	
8.768E-6	0.391846	
8.776E-6	0.367798	
8.784E-6	0.651611	
8.792E-6	0.369995	
8.8E-6	0.492554	
8.808E-6	0.315796	
8.816E-6	0.58374	
8.824E-6	0.333618	
8.832E-6	0.566162	
8.84E-6	0.545044	
8.848E-6	0.630493	
8.856E-6	0.335083	
8.864E-6	0.638062	
8.872E-6	0.401123	
8.88E-6	0.60022	
8.888E-6	0.526123	
8.896E-6	0.302246	
8.904E-6	0.482056	
8.912E-6	0.383057	
8.92E-6	0.355835	
8.928E-6	0.559937	
8.936E-6	0.426514	
8.944E-6	0.252197	
8.952E-6	0.232544	
8.96E-6	0.395264	
8.968E-6	0.270142	
8.976E-6	0.313721	
8.984E-6	0.243286	
8.992E-6	0.385864	
9E-6	0.489136	
9.008E-6	0.346191	
9.016E-6	0.449585	
9.024E-6	0.324829	
9.032E-6	0.515503	
9.04E-6	0.3302	
9.048E-6	0.403076	
9.056E-6	0.328979	
9.064E-6	0.370239	
9.072E-6	0.23584	
9.08E-6	0.229858	
9.088E-6	0.482788	
9.096E-6	0.203125	
9.104E-6	0.217407	
9.112E-6	0.463867	
9.12E-6	0.422729	
9.128E-6	0.259399	
9.136E-6	0.328857	
9.144E-6	0.510498	
9.152E-6	0.410034	
9.16E-6	0.450806	
9.168E-6	0.369141	
9.176E-6	0.222046	
9.184E-6	0.352051	
9.192E-6	0.271851	
9.2E-6	0.321899	
9.208E-6	0.159668	
9.216E-6	0.329346	
9.224E-6	0.357544	
9.232E-6	0.313843	
9.24E-6	0.350464	
9.248E-6	0.36084	
9.256E-6	0.262451	
9.264E-6	0.250366	
9.272E-6	0.403809	
9.28E-6	0.177368	
9.288E-6	0.236572	
9.296E-6	0.241455	
9.304E-6	0.238281	
9.312E-6	0.347168	
9.32E-6	0.341553	
9.328E-6	0.269287	
9.336E-6	0.370728	
9.344E-6	0.432251	
9.352E-6	0.324341	
9.36E-6	0.356079	
9.368E-6	0.0457764	
9.376E-6	0.108398	
9.384E-6	0.172119	
9.392E-6	0.254639	
9.4E-6	0.231567	
9.408E-6	0.0560303	
9.416E-6	0.109619	
9.424E-6	0.14624	
9.432E-6	0.244019	
9.44E-6	0.335327	
9.448E-6	0.0809326	
9.456E-6	0.00830078	
9.464E-6	0.362427	
9.472E-6	0.0369873	
9.48E-6	0.301025	
9.488E-6	0.0983887	
9.496E-6	0.20874	
9.504E-6	0.276611	
9.512E-6	0.225464	
9.52E-6	0.0268555	
9.528E-6	0.228271	
9.536E-6	0.197266	
9.544E-6	0.142944	
9.552E-6	0.200806	
9.56E-6	0.233276	
9.568E-6	0.287231	
9.576E-6	0.0688477	
9.584E-6	0.243042	
9.592E-6	0.0200195	
9.6E-6	0.186157	
9.608E-6	-0.0584717	
9.616E-6	0.244629	
9.624E-6	-0.0708008	
9.632E-6	-0.0821533	
9.64E-6	0.0157471	
9.648E-6	0.110596	
9.656E-6	0.134644	
9.664E-6	0.102173	
9.672E-6	0.164062	
9.68E-6	0.264771	
9.688E-6	0.152832	
9.696E-6	0.150879	
9.704E-6	0.0189209	
9.712E-6	0.0195312	
9.72E-6	0.0853271	
9.728E-6	-0.00610352	
9.736E-6	0.083374	
9.744E-6	0.0716553	
9.752E-6	0.140869	
9.76E-6	-0.0157471	
9.768E-6	-0.0715332	
9.776E-6	-0.101562	
9.784E-6	0.0601807	
9.792E-6	0.170044	
9.8E-6	0.0789795	
9.808E-6	0.165283	
9.816E-6	0.0269775	
9.824E-6	-0.124146	
9.832E-6	-0.158081	
9.84E-6	-0.0501709	
9.848E-6	0.0628662	
9.856E-6	0.0146484	
9.864E-6	0.136597	
9.872E-6	-0.172852	
9.88E-6	0.0667725	
9.888E-6	-0.09729	
9.896E-6	-0.0592041	
9.904E-6	0.0601807	
9.912E-6	-0.143311	
9.92E-6	-0.178101	
9.928E-6	-0.211914	
9.936E-6	-0.0974121	
9.944E-6	0.0615234	
9.952E-6	-0.186768	
9.96E-6	-0.0571289	
9.968E-6	-0.201172	
9.976E-6	-0.194214	
9.984E-6	0.045166	
9.992E-6	-0.169067	
1E-5	-0.138062	
1.0008E-5	-0.0803223	
1.0016E-5	-0.0980225	
1.0024E-5	-0.0645752	
1.0032E-5	-0.226074	
1.004E-5	-0.0290527	
1.0048E-5	-0.201416	
1.0056E-5	-0.130371	
1.0064E-5	-0.132935	
1.0072E-5	0.0341797	
1.008E-5	-0.017334	
1.0088E-5	0.0371094	
1.0096E-5	-0.193115	
1.0104E-5	0.0256348	
1.0112E-5	-0.105225	
1.012E-5	-0.081543	
1.0128E-5	-0.277954	
1.0136E-5	-0.110474	
1.0144E-5	-0.0960693	
1.0152E-5	-0.00891113	
1.016E-5	-0.0643311	
1.0168E-5	-0.285278	
1.0176E-5	-0.095459	
1.0184E-5	-0.351196	
1.0192E-5	-0.098999	
1.02E-5	-0.237793	
1.0208E-5	-0.278564	
1.0216E-5	-0.194092	
1.0224E-5	-0.218262	
1.0232E-5	-0.233032	
1.024E-5	-0.244507	
1.0248E-5	-0.148926	
1.0256E-5	-0.190552	
1.0264E-5	-0.0837402	
1.0272E-5	-0.102783	
1.028E-5	-0.424927	
1.0288E-5	-0.393311	
1.0296E-5	-0.406616	
1.0304E-5	-0.189697	
1.0312E-5	-0.289917	
1.032E-5	-0.0737305	
1.0328E-5	-0.40625	
1.0336E-5	-0.402954	
1.0344E-5	-0.397705	
1.0352E-5	-0.300537	
1.036E-5	-0.456909	
1.0368E-5	-0.103638	
1.0376E-5	-0.415039	
1.0384E-5	-0.229614	
1.0392E-5	-0.220459	
1.04E-5	-0.393555	
1.0408E-5	-0.287476	
1.0416E-5	-0.373901	
1.0424E-5	-0.414795	
1.0432E-5	-0.181763	
1.044E-5	-0.36377	
1.0448E-5	-0.260254	
1.0456E-5	-0.201416	
1.0464E-5	-0.460815	
1.0472E-5	-0.386719	
1.048E-5	-0.47522	
1.0488E-5	-0.433228	
1.0496E-5	-0.466797	
1.0504E-5	-0.502441	
1.0512E-5	-0.184326	
1.052E-5	-0.401001	
1.0528E-5	-0.359619	
1.0536E-5	-0.442871	
1.0544E-5	-0.21521	
1.0552E-5	-0.383057	
1.056E-5	-0.260376	
1.0568E-5	-0.237793	
1.0576E-5	-0.374268	
1.0584E-5	-0.454468	
1.0592E-5	-0.391602	
1.06E-5	-0.567383	
1.0608E-5	-0.217285	
1.0616E-5	-0.493774	
1.0624E-5	-0.533203	
1.0632E-5	-0.401489	
1.064E-5	-0.584229	
1.0648E-5	-0.420044	
1.0656E-5	-0.364136	
1.0664E-5	-0.327637	
1.0672E-5	-0.546631	
1.068E-5	-0.334106	
1.0688E-5	-0.296875	
1.0696E-5	-0.369507	
1.0704E-5	-0.577515	
1.0712E-5	-0.360352	
1.072E-5	-0.328125	
1.0728E-5	-0.537109	
1.0736E-5	-0.436523	
1.0744E-5	-0.306396	
1.0752E-5	-0.482178	
1.076E-5	-0.580322	
1.0768E-5	-0.604858	
1.0776E-5	-0.608276	
1.0784E-5	-0.607422	
1.0792E-5	-0.639893	
1.08E-5	-0.378906	
1.0808E-5	-0.457764	
1.0816E-5	-0.611084	
1.0824E-5	-0.579346	
1.0832E-5	-0.500732	
1.084E-5	-0.346924	
1.0848E-5	-0.609131	
1.0856E-5	-0.625244	
1.0864E-5	-0.314453	
1.0872E-5	-0.584473	
1.088E-5	-0.371826	
1.0888E-5	-0.519897	
1.0896E-5	-0.471802	
1.0904E-5	-0.620239	
1.0912E-5	-0.326904	
1.092E-5	-0.420898	
1.0928E-5	-0.590576	
1.0936E-5	-0.665405	
1.0944E-5	-0.402344	
1.0952E-5	-0.503418	
1.096E-5	-0.536621	
1.0968E-5	-0.46936	
1.0976E-5	-0.59375	
1.0984E-5	-0.481079	
1.0992E-5	-0.436401	
1.1E-5	-0.386108	
1.1008E-5	-0.434204	
1.1016E-5	-0.692139	
1.1024E-5	-0.505981	
1.1032E-5	-0.424072	
1.104E-5	-0.411499	
1.1048E-5	-0.516479	
1.1056E-5	-0.391479	
1.1064E-5	-0.437988	
1.1072E-5	-0.392212	
1.108E-5	-0.420288	
1.1088E-5	-0.505127	
1.1096E-5	-0.667603	
1.1104E-5	-0.542969	
1.1112E-5	-0.638428	
1.112E-5	-0.729126	
1.1128E-5	-0.719849	
1.1136E-5	-0.738892	
1.1144E-5	-0.727417	
1.1152E-5	-0.544434	
1.116E-5	-0.554932	
1.1168E-5	-0.393311	
1.1176E-5	-0.610107	
1.1184E-5	-0.457642	
1.1192E-5	-0.60376	
1.12E-5	-0.534058	
1.1208E-5	-0.557129	
1.1216E-5	-0.58374	
1.1224E-5	-0.642578	
1.1232E-5	-0.456299	
1.124E-5	-0.71936	
1.1248E-5	-0.593018	
1.1256E-5	-0.690796	
1.1264E-5	-0.73999	
1.1272E-5	-0.611694	
1.128E-5	-0.467896	
1.1288E-5	-0.498291	
1.1296E-5	-0.640747	
1.1304E-5	-0.454468	
1.1312E-5	-0.466064	
1.132E-5	-0.586792	
1.1328E-5	-0.726562	
1.1336E-5	-0.787842	
1.1344E-5	-0.688721	
1.1352E-5	-0.489258	
1.136E-5	-0.424927	
1.1368E-5	-0.617554	
1.1376E-5	-0.596313	
1.1384E-5	-0.764282	
1.1392E-5	-0.786865	
1.14E-5	-0.782715	
1.1408E-5	-0.751099	
1.1416E-5	-0.465698	
1.1424E-5	-0.493652	
1.1432E-5	-0.664795	
1.144E-5	-0.795898	
1.1448E-5	-0.535767	
1.1456E-5	-0.446655	
1.1464E-5	-0.707153	
1.1472E-5	-0.66394	
1.148E-5	-0.578369	
1.1488E-5	-0.614502	
1.1496E-5	-0.570923	
1.1504E-5	-0.757202	
1.1512E-5	-0.759888	
1.152E-5	-0.585815	
1.1528E-5	-0.675293	
1.1536E-5	-0.74292	
1.1544E-5	-0.498779	
1.1552E-5	-0.467896	
1.156E-5	-0.556641	
1.1568E-5	-0.763916	
1.1576E-5	-0.467773	
1.1584E-5	-0.567871	
1.1592E-5	-0.454346	
1.16E-5	-0.807007	
1.1608E-5	-0.710083	
1.1616E-5	-0.481201	
1.1624E-5	-0.484741	
1.1632E-5	-0.698364	
1.164E-5	-0.479004	
1.1648E-5	-0.681641	
1.1656E-5	-0.678101	
1.1664E-5	-0.705811	
1.1672E-5	-0.756714	
1.168E-5	-0.741943	
1.1688E-5	-0.4646	
1.1696E-5	-0.709839	
1.1704E-5	-0.524292	
1.1712E-5	-0.739868	
1.172E-5	-0.774536	
1.1728E-5	-0.560913	
1.1736E-5	-0.706543	
1.1744E-5	-0.642212	
1.1752E-5	-0.757202	
1.176E-5	-0.569214	
1.1768E-5	-0.737549	
1.1776E-5	-0.574219	
1.1784E-5	-0.689453	
1.1792E-5	-0.499146	
1.18E-5	-0.626099	
1.1808E-5	-0.753418	
1.1816E-5	-0.671875	
1.1824E-5	-0.636719	
1.1832E-5	-0.465942	
1.184E-5	-0.468872	
1.1848E-5	-0.467896	
1.1856E-5	-0.499634	
1.1864E-5	-0.707886	
1.1872E-5	-0.565552	
1.188E-5	-0.464966	
1.1888E-5	-0.445801	
1.1896E-5	-0.606934	
1.1904E-5	-0.516602	
1.1912E-5	-0.591187	
1.192E-5	-0.451294	
1.1928E-5	-0.499146	
1.1936E-5	-0.675415	
1.1944E-5	-0.754639	
1.1952E-5	-0.751709	
1.196E-5	-0.702393	
1.1968E-5	-0.605347	
1.1976E-5	-0.596436	
1.1984E-5	-0.676147	
1.1992E-5	-0.669189	
1.2E-5	-0.472534	
1.2008E-5	-0.442261	
1.2016E-5	-0.527954	
1.2024E-5	-0.671509	
1.2032E-5	-0.442749	
1.204E-5	-0.665894	
1.2048E-5	-0.447754	
1.2056E-5	-0.507324	
1.2064E-5	-0.65625	
1.2072E-5	-0.758789	
1.208E-5	-0.513306	
1.2088E-5	-0.654175	
1.2096E-5	-0.687378	
1.2104E-5	-0.404297	
1.2112E-5	-0.737183	
1.212E-5	-0.600464	
1.2128E-5	-0.515991	
1.2136E-5	-0.714966	
1.2144E-5	-0.518311	
1.2152E-5	-0.662476	
1.216E-5	-0.635376	
1.2168E-5	-0.556274	
1.2176E-5	-0.431885	
1.2184E-5	-0.427002	
1.2192E-5	-0.399658	
1.22E-5	-0.522705	
1.2208E-5	-0.661987	
1.2216E-5	-0.529175	
1.2224E-5	-0.42627	
1.2232E-5	-0.410034	
1.224E-5	-0.506714	
1.2248E-5	-0.460693	
1.2256E-5	-0.419556	
1.2264E-5	-0.5802	
1.2272E-5	-0.543579	
1.228E-5	-0.471558	
1.2288E-5	-0.594727	
1.2296E-5	-0.449829	
1.2304E-5	-0.589722	
1.2312E-5	-0.669678	
1.232E-5	-0.657471	
1.2328E-5	-0.515625	
1.2336E-5	-0.397095	
1.2344E-5	-0.434326	
1.2352E-5	-0.439941	
1.236E-5	-0.593994	
1.2368E-5	-0.486572	
1.2376E-5	-0.440308	
1.2384E-5	-0.553955	
1.2392E-5	-0.557129	
1.24E-5	-0.590942	
1.2408E-5	-0.406128	
1.2416E-5	-0.536133	
1.2424E-5	-0.414185	
1.2432E-5	-0.389526	
1.244E-5	-0.671265	
1.2448E-5	-0.573975	
1.2456E-5	-0.369751	
1.2464E-5	-0.518433	
1.2472E-5	-0.650879	
1.248E-5	-0.331421	
1.2488E-5	-0.470581	
1.2496E-5	-0.540405	
1.2504E-5	-0.428223	
1.2512E-5	-0.420044	
1.252E-5	-0.55957	
1.2528E-5	-0.647949	
1.2536E-5	-0.310913	
1.2544E-5	-0.5802	
1.2552E-5	-0.45752	
1.256E-5	-0.604736	
1.2568E-5	-0.29126	
1.2576E-5	-0.28186	
1.2584E-5	-0.497925	
1.2592E-5	-0.615479	
1.26E-5	-0.383301	
1.2608E-5	-0.550537	
1.2616E-5	-0.282227	
1.2624E-5	-0.426636	
1.2632E-5	-0.292847	
1.264E-5	-0.50708	
1.2648E-5	-0.369507	
1.2656E-5	-0.492798	
1.2664E-5	-0.594482	
1.2672E-5	-0.388672	
1.268E-5	-0.592529	
1.2688E-5	-0.497192	
1.2696E-5	-0.407959	
1.2704E-5	-0.533447	
1.2712E-5	-0.254272	
1.272E-5	-0.335693	
1.2728E-5	-0.271362	
1.2736E-5	-0.509888	
1.2744E-5	-0.304565	
1.2752E-5	-0.352295	
1.276E-5	-0.505737	
1.2768E-5	-0.396851	
1.2776E-5	-0.431641	
1.2784E-5	-0.260864	
1.2792E-5	-0.224976	
1.28E-5	-0.22937	
1.2808E-5	-0.185059	
1.2816E-5	-0.200317	
1.2824E-5	-0.213501	
1.2832E-5	-0.375854	
1.284E-5	-0.256836	
1.2848E-5	-0.315918	
1.2856E-5	-0.39624	
1.2864E-5	-0.421509	
1.2872E-5	-0.202271	
1.288E-5	-0.360596	
1.2888E-5	-0.164062	
1.2896E-5	-0.212646	
1.2904E-5	-0.448608	
1.2912E-5	-0.185913	
1.292E-5	-0.368896	
1.2928E-5	-0.244263	
1.2936E-5	-0.237793	
1.2944E-5	-0.190918	
1.2952E-5	-0.460083	
1.296E-5	-0.184814	
1.2968E-5	-0.235107	
1.2976E-5	-0.462769	
1.2984E-5	-0.168091	
1.2992E-5	-0.140991	
1.3E-5	-0.19397	
1.3008E-5	-0.141968	
1.3016E-5	-0.224731	
1.3024E-5	-0.268188	
1.3032E-5	-0.182007	
1.304E-5	-0.434692	
1.3048E-5	-0.14978	
1.3056E-5	-0.384888	
1.3064E-5	-0.111572	
1.3072E-5	-0.257446	
1.308E-5	-0.331543	
1.3088E-5	-0.0866699	
1.3096E-5	-0.200195	
1.3104E-5	-0.106567	
1.3112E-5	-0.0662842	
1.312E-5	-0.291626	
1.3128E-5	-0.383423	
1.3136E-5	-0.311279	
1.3144E-5	-0.0467529	
1.3152E-5	-0.246582	
1.316E-5	-0.282715	
1.3168E-5	-0.128906	
1.3176E-5	-0.256958	
1.3184E-5	-0.0638428	
1.3192E-5	-0.190552	
1.32E-5	-0.103638	
1.3208E-5	-0.32605	
1.3216E-5	-0.356445	
1.3224E-5	-0.142578	
1.3232E-5	-0.0614014	
1.324E-5	-0.0557861	
1.3248E-5	0.0245361	
1.3256E-5	-0.0769043	
1.3264E-5	-0.325073	
1.3272E-5	-0.226318	
1.328E-5	0.0432129	
1.3288E-5	-0.0953369	
1.3296E-5	-0.123779	
1.3304E-5	-0.250244	
1.3312E-5	0.0592041	
1.332E-5	-0.130981	
1.3328E-5	-0.2052	
1.3336E-5	0.0800781	
1.3344E-5	-0.233765	
1.3352E-5	-0.105835	
1.336E-5	-0.146484	
1.3368E-5	-0.177246	
1.3376E-5	-0.123413	
1.3384E-5	-0.113159	
1.3392E-5	-0.15332	
1.34E-5	0.09729	
1.3408E-5	-0.0477295	
1.3416E-5	-0.0124512	
1.3424E-5	-0.179199	
1.3432E-5	0.0976562	
1.344E-5	-0.0782471	
1.3448E-5	-0.00610352	
1.3456E-5	-0.138306	
1.3464E-5	-0.0327148	
1.3472E-5	-0.186157	
1.348E-5	0.115112	
1.3488E-5	-0.117554	
1.3496E-5	-0.0911865	
1.3504E-5	-0.103638	
1.3512E-5	0.0856934	
1.352E-5	-0.0511475	
1.3528E-5	0.0178223	
1.3536E-5	-0.119873	
1.3544E-5	-0.00439453	
1.3552E-5	0.106567	
1.356E-5	0.158936	
1.3568E-5	0.0898437	
1.3576E-5	-0.00878906	
1.3584E-5	0.13208	
1.3592E-5	0.0693359	
1.36E-5	0.0319824	
1.3608E-5	0.156006	
1.3616E-5	0.186279	
1.3624E-5	-0.0609131	
1.3632E-5	0.0462646	
1.364E-5	0.181763	
1.3648E-5	0.00683594	
1.3656E-5	-0.0377197	
1.3664E-5	0.186646	
1.3672E-5	-0.0892334	
1.368E-5	0.0411377	
1.3688E-5	0.0528564	
1.3696E-5	-0.0643311	
1.3704E-5	0.193359	
1.3712E-5	0.118042	
1.372E-5	0.247559	
1.3728E-5	0.249756	
1.3736E-5	0.133057	
1.3744E-5	-0.0770264	
1.3752E-5	0.259521	
1.376E-5	0.0411377	
1.3768E-5	-0.0406494	
1.3776E-5	0.176392	
1.3784E-5	0.312378	
1.3792E-5	0.0837402	
1.38E-5	-0.0343018	
1.3808E-5	0.284546	
1.3816E-5	0.027832	
1.3824E-5	0.261597	
1.3832E-5	0.313965	
1.384E-5	0.114014	
1.3848E-5	0.0262451	
1.3856E-5	0.276611	
1.3864E-5	0.205811	
1.3872E-5	0.0762939	
1.388E-5	0.111572	
1.3888E-5	0.083374	
1.3896E-5	0.0472412	
1.3904E-5	0.202393	
1.3912E-5	0.393433	
1.392E-5	0.27832	
1.3928E-5	0.230469	
1.3936E-5	0.0498047	
1.3944E-5	0.196533	
1.3952E-5	0.331787	
1.396E-5	0.0718994	
1.3968E-5	0.297241	
1.3976E-5	0.171265	
1.3984E-5	0.320068	
1.3992E-5	0.133057	
1.4E-5	0.303101	
1.4008E-5	0.336792	
1.4016E-5	0.182617	
1.4024E-5	0.304199	
1.4032E-5	0.380371	
1.404E-5	0.106689	
1.4048E-5	0.377197	
1.4056E-5	0.134766	
1.4064E-5	0.316406	
1.4072E-5	0.293823	
1.408E-5	0.130859	
1.4088E-5	0.297974	
1.4096E-5	0.197388	
1.4104E-5	0.19165	
1.4112E-5	0.246582	
1.412E-5	0.312378	
1.4128E-5	0.262573	
1.4136E-5	0.500854	
1.4144E-5	0.142822	
1.4152E-5	0.146606	
1.416E-5	0.253052	
1.4168E-5	0.392456	
1.4176E-5	0.418701	
1.4184E-5	0.278931	
1.4192E-5	0.321777	
1.42E-5	0.510864	
1.4208E-5	0.417114	
1.4216E-5	0.209351	
1.4224E-5	0.372681	
1.4232E-5	0.358398	
1.424E-5	0.349854	
1.4248E-5	0.236084	
1.4256E-5	0.19812	
1.4264E-5	0.532471	
1.4272E-5	0.345703	
1.428E-5	0.357544	
1.4288E-5	0.347656	
1.4296E-5	0.385498	
1.4304E-5	0.498779	
1.4312E-5	0.513794	
1.432E-5	0.349976	
1.4328E-5	0.521973	
1.4336E-5	0.462646	
1.4344E-5	0.341064	
1.4352E-5	0.417358	
1.436E-5	0.273682	
1.4368E-5	0.260986	
1.4376E-5	0.262207	
1.4384E-5	0.406494	
1.4392E-5	0.442749	
1.44E-5	0.284668	
1.4408E-5	0.374634	
1.4416E-5	0.485596	
1.4424E-5	0.494263	
1.4432E-5	0.439697	
1.444E-5	0.585449	
1.4448E-5	0.47583	
1.4456E-5	0.334351	
1.4464E-5	0.348877	
1.4472E-5	0.611816	
1.448E-5	0.264648	
1.4488E-5	0.526367	
1.4496E-5	0.47168	
1.4504E-5	0.452393	
1.4512E-5	0.326904	
1.452E-5	0.444824	
1.4528E-5	0.456665	
1.4536E-5	0.479858	
1.4544E-5	0.390869	
1.4552E-5	0.666626	
1.456E-5	0.557861	
1.4568E-5	0.461304	
1.4576E-5	0.385742	
1.4584E-5	0.404419	
1.4592E-5	0.615845	
1.46E-5	0.622803	
1.4608E-5	0.402832	
1.4616E-5	0.558228	
1.4624E-5	0.462036	
1.4632E-5	0.478027	
1.464E-5	0.605835	
1.4648E-5	0.337646	
1.4656E-5	0.496948	
1.4664E-5	0.605835	
1.4672E-5	0.631714	
1.468E-5	0.506836	
1.4688E-5	0.550293	
1.4696E-5	0.630249	
1.4704E-5	0.352539	
1.4712E-5	0.636597	
1.472E-5	0.400635	
1.4728E-5	0.704712	
1.4736E-5	0.603027	
1.4744E-5	0.623657	
1.4752E-5	0.630859	
1.476E-5	0.686401	
1.4768E-5	0.712524	
1.4776E-5	0.723022	
1.4784E-5	0.362427	
1.4792E-5	0.627808	
1.48E-5	0.599609	
1.4808E-5	0.497192	
1.4816E-5	0.666626	
1.4824E-5	0.52832	
1.4832E-5	0.674805	
1.484E-5	0.505615	
1.4848E-5	0.448975	
1.4856E-5	0.747803	
1.4864E-5	0.483398	
1.4872E-5	0.439941	
1.488E-5	0.421143	
1.4888E-5	0.518921	
1.4896E-5	0.623779	
1.4904E-5	0.516724	
1.4912E-5	0.674561	
1.492E-5	0.693604	
1.4928E-5	0.570312	
1.4936E-5	0.644897	
1.4944E-5	0.590332	
1.4952E-5	0.718262	
1.496E-5	0.419556	
1.4968E-5	0.640625	
1.4976E-5	0.552856	
1.4984E-5	0.465576	
1.4992E-5	0.481201	
1.5E-5	0.419067	
1.5008E-5	0.601562	
1.5016E-5	0.715942	
1.5024E-5	0.684326	
1.5032E-5	0.443848	
1.504E-5	0.558594	
1.5048E-5	0.747192	
1.5056E-5	0.448975	
1.5064E-5	0.572998	
1.5072E-5	0.586182	
1.508E-5	0.583862	
1.5088E-5	0.588745	
1.5096E-5	0.751831	
1.5104E-5	0.652222	
1.5112E-5	0.493652	
1.512E-5	0.571777	
1.5128E-5	0.653198	
1.5136E-5	0.672119	
1.5144E-5	0.590454	
1.5152E-5	0.667236	
1.516E-5	0.509155	
1.5168E-5	0.617798	
1.5176E-5	0.485352	
1.5184E-5	0.695312	
1.5192E-5	0.785645	
1.52E-5	0.781128	
1.5208E-5	0.491211	
1.5216E-5	0.628906	
1.5224E-5	0.441406	
1.5232E-5	0.5177	
1.524E-5	0.782837	
1.5248E-5	0.46228	
1.5256E-5	0.659668	
1.5264E-5	0.739502	
1.5272E-5	0.602295	
1.528E-5	0.753296	
1.5288E-5	0.511353	
1.5296E-5	0.726196	
1.5304E-5	0.766968	
1.5312E-5	0.698486	
1.532E-5	0.507324	
1.5328E-5	0.441772	
1.5336E-5	0.590454	
1.5344E-5	0.482422	
1.5352E-5	0.464478	
1.536E-5	0.516968	
1.5368E-5	0.554932	
1.5376E-5	0.554321	
1.5384E-5	0.639771	
1.5392E-5	0.434448	
1.54E-5	0.777222	
1.5408E-5	0.614014	
1.5416E-5	0.515869	
1.5424E-5	0.801025	
1.5432E-5	0.555298	
1.544E-5	0.439819	
1.5448E-5	0.451294	
1.5456E-5	0.605713	
1.5464E-5	0.775635	
1.5472E-5	0.436646	
1.548E-5	0.615967	
1.5488E-5	0.500854	
1.5496E-5	0.46936	
1.5504E-5	0.675903	
1.5512E-5	0.442871	
1.552E-5	0.437378	
1.5528E-5	0.657104	
1.5536E-5	0.730835	
1.5544E-5	0.628052	
1.5552E-5	0.445801	
1.556E-5	0.591064	
1.5568E-5	0.751343	
1.5576E-5	0.677856	
1.5584E-5	0.753662	
1.5592E-5	0.584595	
1.56E-5	0.579102	
1.5608E-5	0.578735	
1.5616E-5	0.574341	
1.5624E-5	0.681152	
1.5632E-5	0.645142	
1.564E-5	0.451416	
1.5648E-5	0.622559	
1.5656E-5	0.698486	
1.5664E-5	0.764282	
1.5672E-5	0.695312	
1.568E-5	0.483032	
1.5688E-5	0.709839	
1.5696E-5	0.498169	
1.5704E-5	0.702881	
1.5712E-5	0.684082	
1.572E-5	0.62561	
1.5728E-5	0.647583	
1.5736E-5	0.40271	
1.5744E-5	0.773926	
1.5752E-5	0.768066	
1.576E-5	0.483032	
1.5768E-5	0.568604	
1.5776E-5	0.446289	
1.5784E-5	0.718262	
1.5792E-5	0.486816	
1.58E-5	0.444946	
1.5808E-5	0.710571	
1.5816E-5	0.502563	
1.5824E-5	0.533813	
1.5832E-5	0.383179	
1.584E-5	0.54126	
1.5848E-5	0.66394	
1.5856E-5	0.596802	
1.5864E-5	0.648315	
1.5872E-5	0.692871	
1.588E-5	0.408325	
1.5888E-5	0.635132	
1.5896E-5	0.718872	
1.5904E-5	0.475586	
1.5912E-5	0.588867	
1.592E-5	0.369385	
1.5928E-5	0.366455	
1.5936E-5	0.702026	
1.5944E-5	0.377075	
1.5952E-5	0.573242	
1.596E-5	0.38623	
1.5968E-5	0.493286	
1.5976E-5	0.648437	
1.5984E-5	0.44812	
1.5992E-5	0.621338	
1.6E-5	0.623291	
1.6008E-5	0.449097	
1.6016E-5	0.682739	
1.6024E-5	0.570557	
1.6032E-5	0.551147	
1.604E-5	0.512207	
1.6048E-5	0.683594	
1.6056E-5	0.676514	
1.6064E-5	0.558716	
1.6072E-5	0.371948	
1.608E-5	0.497314	
1.6088E-5	0.444702	
1.6096E-5	0.340454	
1.6104E-5	0.650024	
1.6112E-5	0.493774	
1.612E-5	0.361206	
1.6128E-5	0.469238	
1.6136E-5	0.570801	
1.6144E-5	0.66687	
1.6152E-5	0.420654	
1.616E-5	0.544312	
1.6168E-5	0.594116	
1.6176E-5	0.582886	
1.6184E-5	0.31543	
1.6192E-5	0.553467	
1.62E-5	0.452759	
1.6208E-5	0.554077	
1.6216E-5	0.608276	
1.6224E-5	0.308472	
1.6232E-5	0.419434	
1.624E-5	0.384033	
1.6248E-5	0.376831	
1.6256E-5	0.526367	
1.6264E-5	0.348877	
1.6272E-5	0.552979	
1.628E-5	0.559937	
1.6288E-5	0.383789	
1.6296E-5	0.392334	
1.6304E-5	0.553589	
1.6312E-5	0.455688	
1.632E-5	0.432861	
1.6328E-5	0.437866	
1.6336E-5	0.485596	
1.6344E-5	0.590576	
1.6352E-5	0.311523	
1.636E-5	0.434692	
1.6368E-5	0.466675	
1.6376E-5	0.279663	
1.6384E-5	0.358154	
1.6392E-5	0.304565	
1.64E-5	0.453735	
1.6408E-5	0.255493	
1.6416E-5	0.453735	
1.6424E-5	0.358765	
1.6432E-5	0.381958	
1.644E-5	0.484619	
1.6448E-5	0.535156	
1.6456E-5	0.321899	
1.6464E-5	0.44397	
1.6472E-5	0.279175	
1.648E-5	0.367798	
1.6488E-5	0.338501	
1.6496E-5	0.489136	
1.6504E-5	0.383179	
1.6512E-5	0.337891	
1.652E-5	0.340088	
1.6528E-5	0.451416	
1.6536E-5	0.503662	
1.6544E-5	0.506592	
1.6552E-5	0.245728	
1.656E-5	0.496216	
1.6568E-5	0.372803	
1.6576E-5	0.32605	
1.6584E-5	0.177368	
1.6592E-5	0.48877	
1.66E-5	0.209839	
1.6608E-5	0.239258	
1.6616E-5	0.359131	
1.6624E-5	0.205078	
1.6632E-5	0.329224	
1.664E-5	0.161743	
1.6648E-5	0.407593	
1.6656E-5	0.433105	
1.6664E-5	0.389771	
1.6672E-5	0.405884	
1.668E-5	0.179199	
1.6688E-5	0.29126	
1.6696E-5	0.401611	
1.6704E-5	0.304565	
1.6712E-5	0.106323	
1.672E-5	0.404175	
1.6728E-5	0.199707	
1.6736E-5	0.199707	
1.6744E-5	0.124512	
1.6752E-5	0.300903	
1.676E-5	0.344971	
1.6768E-5	0.372559	
1.6776E-5	0.0926514	
1.6784E-5	0.309814	
1.6792E-5	0.209839	
1.68E-5	0.175903	
1.6808E-5	0.206177	
1.6816E-5	0.222412	
1.6824E-5	0.185059	
1.6832E-5	0.133789	
1.684E-5	0.163574	
1.6848E-5	0.282227	
1.6856E-5	0.206787	
1.6864E-5	0.312134	
1.6872E-5	0.0905762	
1.688E-5	0.0178223	
1.6888E-5	0.198608	
1.6896E-5	0.148804	
1.6904E-5	-0.0109863	
1.6912E-5	0.232178	
1.692E-5	0.0808105	
1.6928E-5	0.0255127	
1.6936E-5	0.229492	
1.6944E-5	0.138428	
1.6952E-5	0.264282	
1.696E-5	0.188599	
1.6968E-5	0.285034	
1.6976E-5	-0.000488281	
1.6984E-5	0.0765381	
1.6992E-5	0.0783691	
1.7E-5	-0.0439453	
1.7008E-5	-0.0389404	
1.7016E-5	0.102539	
1.7024E-5	-0.0722656	
1.7032E-5	0.190186	
1.704E-5	0.0395508	
1.7048E-5	0.0668945	
1.7056E-5	-0.0200195	
1.7064E-5	-0.0640869	
1.7072E-5	0.23877	
1.708E-5	-0.0147705	
1.7088E-5	0.0443115	
1.7096E-5	0.216187	
1.7104E-5	0.152222	
1.7112E-5	0.0343018	
1.712E-5	-0.0424805	
1.7128E-5	0.122437	
1.7136E-5	0.0811768	
1.7144E-5	0.064209	
1.7152E-5	-0.0478516	
1.716E-5	0.185791	
1.7168E-5	-0.158691	
1.7176E-5	-0.0759277	
1.7184E-5	-0.0910645	
1.7192E-5	-0.159668	
1.72E-5	0.173462	
1.7208E-5	-0.150024	
1.7216E-5	0.0437012	
1.7224E-5	-0.179077	
1.7232E-5	0.0461426	
1.724E-5	0.0391846	
1.7248E-5	-0.10144	
1.7256E-5	0.0898437	
1.7264E-5	-0.137817	
1.7272E-5	-0.0045166	
1.728E-5	-0.0991211	
1.7288E-5	-0.0911865	
1.7296E-5	-0.133545	
1.7304E-5	-0.0466309	
1.7312E-5	-0.0662842	
1.732E-5	0.107422	
1.7328E-5	-0.00805664	
1.7336E-5	-0.221191	
1.7344E-5	-0.212891	
1.7352E-5	-0.248291	
1.736E-5	-0.2229	
1.7368E-5	-0.0880127	
1.7376E-5	-0.26416	
1.7384E-5	-0.0928955	
1.7392E-5	0.0517578	
1.74E-5	-0.143921	
1.7408E-5	0.0444336	
1.7416E-5	-0.305176	
1.7424E-5	-0.0751953	
1.7432E-5	0.00158691	
1.744E-5	-0.302612	
1.7448E-5	-0.282715	
1.7456E-5	-0.0343018	
1.7464E-5	-0.0268555	
1.7472E-5	0.034668	
1.748E-5	-0.098999	
1.7488E-5	-0.329834	
1.7496E-5	-0.157837	
1.7504E-5	-0.0438232	
1.7512E-5	-0.270752	
1.752E-5	-0.13147	
1.7528E-5	-0.262207	
1.7536E-5	-0.221558	
1.7544E-5	-0.204102	
1.7552E-5	-0.0112305	
1.756E-5	-0.0539551	
1.7568E-5	-0.115967	
1.7576E-5	-0.216919	
1.7584E-5	-0.286011	
1.7592E-5	-0.103638	
1.76E-5	-0.253296	
1.7608E-5	-0.326172	
1.7616E-5	-0.248169	
1.7624E-5	-0.275024	
1.7632E-5	-0.153442	
1.764E-5	-0.274658	
1.7648E-5	-0.165161	
1.7656E-5	-0.37207	
1.7664E-5	-0.119507	
1.7672E-5	-0.384277	
1.768E-5	-0.358765	
1.7688E-5	-0.170166	
1.7696E-5	-0.383545	
1.7704E-5	-0.293213	
1.7712E-5	-0.127808	
1.772E-5	-0.095459	
1.7728E-5	-0.161743	
1.7736E-5	-0.170166	
1.7744E-5	-0.39502	
1.7752E-5	-0.329102	
1.776E-5	-0.2146	
1.7768E-5	-0.344116	
1.7776E-5	-0.265381	
1.7784E-5	-0.474365	
1.7792E-5	-0.458984	
1.78E-5	-0.171997	
1.7808E-5	-0.186279	
1.7816E-5	-0.411743	
1.7824E-5	-0.13916	
1.7832E-5	-0.219482	
1.784E-5	-0.296265	
1.7848E-5	-0.148315	
1.7856E-5	-0.154175	
1.7864E-5	-0.250732	
1.7872E-5	-0.325806	
1.788E-5	-0.249634	
1.7888E-5	-0.257812	
1.7896E-5	-0.456665	
1.7904E-5	-0.420776	
1.7912E-5	-0.448853	
1.792E-5	-0.239014	
1.7928E-5	-0.265625	
1.7936E-5	-0.410645	
1.7944E-5	-0.455811	
1.7952E-5	-0.299194	
1.796E-5	-0.448364	
1.7968E-5	-0.445801	
1.7976E-5	-0.411621	
1.7984E-5	-0.571899	
1.7992E-5	-0.363037	
1.8E-5	-0.376465	
1.8008E-5	-0.277954	
1.8016E-5	-0.312744	
1.8024E-5	-0.399658	
1.8032E-5	-0.559448	
1.804E-5	-0.307739	
1.8048E-5	-0.368164	
1.8056E-5	-0.598877	
1.8064E-5	-0.554199	
1.8072E-5	-0.598511	
1.808E-5	-0.280273	
1.8088E-5	-0.314819	
1.8096E-5	-0.439453	
1.8104E-5	-0.540527	
1.8112E-5	-0.457764	
1.812E-5	-0.288818	
1.8128E-5	-0.334229	
1.8136E-5	-0.451294	
1.8144E-5	-0.379761	
1.8152E-5	-0.585083	
1.816E-5	-0.339111	
1.8168E-5	-0.446655	
1.8176E-5	-0.290894	
1.8184E-5	-0.373413	
1.8192E-5	-0.425537	
1.82E-5	-0.512695	
1.8208E-5	-0.568237	
1.8216E-5	-0.386353	
1.8224E-5	-0.513306	
1.8232E-5	-0.343384	
1.824E-5	-0.554565	
1.8248E-5	-0.653809	
1.8256E-5	-0.356323	
1.8264E-5	-0.514648	
1.8272E-5	-0.417847	
1.828E-5	-0.627808	
1.8288E-5	-0.424316	
1.8296E-5	-0.427979	
1.8304E-5	-0.541748	
1.8312E-5	-0.419189	
1.832E-5	-0.661133	
1.8328E-5	-0.638062	
1.8336E-5	-0.487427	
1.8344E-5	-0.648315	
1.8352E-5	-0.695679	
1.836E-5	-0.396973	
1.8368E-5	-0.658813	
1.8376E-5	-0.712036	
1.8384E-5	-0.375732	
1.8392E-5	-0.536011	
1.84E-5	-0.680298	
1.8408E-5	-0.536499	
1.8416E-5	-0.416138	
1.8424E-5	-0.704102	
1.8432E-5	-0.526611	
1.844E-5	-0.593506	
1.8448E-5	-0.637573	
1.8456E-5	-0.540405	
1.8464E-5	-0.393311	
1.8472E-5	-0.583374	
1.848E-5	-0.572021	
1.8488E-5	-0.442139	
1.8496E-5	-0.696899	
1.8504E-5	-0.679565	
1.8512E-5	-0.644409	
1.852E-5	-0.41687	
1.8528E-5	-0.584595	
1.8536E-5	-0.403076	
1.8544E-5	-0.509521	
1.8552E-5	-0.646362	
1.856E-5	-0.702515	
1.8568E-5	-0.648926	
1.8576E-5	-0.489868	
1.8584E-5	-0.701416	
1.8592E-5	-0.534912	
1.86E-5	-0.731689	
1.8608E-5	-0.61145	
1.8616E-5	-0.77002	
1.8624E-5	-0.733643	
1.8632E-5	-0.683594	
1.864E-5	-0.781372	
1.8648E-5	-0.519531	
1.8656E-5	-0.562256	
1.8664E-5	-0.481079	
1.8672E-5	-0.541748	
1.868E-5	-0.672607	
1.8688E-5	-0.719849	
1.8696E-5	-0.638672	
1.8704E-5	-0.563599	
1.8712E-5	-0.506836	
1.872E-5	-0.656128	
1.8728E-5	-0.521362	
1.8736E-5	-0.790894	
1.8744E-5	-0.592407	
1.8752E-5	-0.533813	
1.876E-5	-0.457397	
1.8768E-5	-0.6604	
1.8776E-5	-0.433105	
1.8784E-5	-0.511108	
1.8792E-5	-0.505493	
1.88E-5	-0.504517	
1.8808E-5	-0.631104	
1.8816E-5	-0.489624	
1.8824E-5	-0.632202	
1.8832E-5	-0.795776	
1.884E-5	-0.756836	
1.8848E-5	-0.731812	
1.8856E-5	-0.572632	
1.8864E-5	-0.806152	
1.8872E-5	-0.547363	
1.888E-5	-0.720703	
1.8888E-5	-0.526245	
1.8896E-5	-0.611816	
1.8904E-5	-0.740479	
1.8912E-5	-0.562744	
1.892E-5	-0.514038	
1.8928E-5	-0.744019	
1.8936E-5	-0.816284	
1.8944E-5	-0.557739	
1.8952E-5	-0.796753	
1.896E-5	-0.528198	
1.8968E-5	-0.548706	
1.8976E-5	-0.553589	
1.8984E-5	-0.531006	
1.8992E-5	-0.558716	
1.9E-5	-0.718384	
1.9008E-5	-0.45166	
1.9016E-5	-0.776611	
1.9024E-5	-0.807983	
1.9032E-5	-0.627075	
1.904E-5	-0.635498	
1.9048E-5	-0.53772	
1.9056E-5	-0.590576	
1.9064E-5	-0.699829	
1.9072E-5	-0.565063	
1.908E-5	-0.681396	
1.9088E-5	-0.514893	
1.9096E-5	-0.545898	
1.9104E-5	-0.461914	
1.9112E-5	-0.645508	
1.912E-5	-0.733521	
1.9128E-5	-0.5271	
1.9136E-5	-0.781372	
1.9144E-5	-0.564331	
1.9152E-5	-0.669067	
1.916E-5	-0.786865	
1.9168E-5	-0.454834	
1.9176E-5	-0.662109	
1.9184E-5	-0.804932	
1.9192E-5	-0.721924	
1.92E-5	-0.740601	
1.9208E-5	-0.454224	
1.9216E-5	-0.500854	
1.9224E-5	-0.593872	
1.9232E-5	-0.579956	
1.924E-5	-0.695068	
1.9248E-5	-0.696411	
1.9256E-5	-0.462646	
1.9264E-5	-0.539917	
1.9272E-5	-0.586426	
1.928E-5	-0.574951	
1.9288E-5	-0.655029	
1.9296E-5	-0.626709	
1.9304E-5	-0.758667	
1.9312E-5	-0.713623	
1.932E-5	-0.653931	
1.9328E-5	-0.740601	
1.9336E-5	-0.555176	
1.9344E-5	-0.48938	
1.9352E-5	-0.732544	
1.936E-5	-0.785889	
1.9368E-5	-0.441528	
1.9376E-5	-0.533691	
1.9384E-5	-0.483765	
1.9392E-5	-0.768921	
1.94E-5	-0.775635	
1.9408E-5	-0.474487	
1.9416E-5	-0.574219	
1.9424E-5	-0.757324	
1.9432E-5	-0.507446	
1.944E-5	-0.640015	
1.9448E-5	-0.613525	
1.9456E-5	-0.751465	
1.9464E-5	-0.681885	
1.9472E-5	-0.52478	
1.948E-5	-0.7146	
1.9488E-5	-0.679321	
1.9496E-5	-0.449951	
1.9504E-5	-0.478516	
1.9512E-5	-0.640137	
1.952E-5	-0.614014	
1.9528E-5	-0.69873	
1.9536E-5	-0.45752	
1.9544E-5	-0.518311	
1.9552E-5	-0.538208	
1.956E-5	-0.619019	
1.9568E-5	-0.576782	
1.9576E-5	-0.560059	
1.9584E-5	-0.729858	
1.9592E-5	-0.585937	
1.96E-5	-0.492187	
1.9608E-5	-0.628052	
1.9616E-5	-0.69458	
1.9624E-5	-0.663208	
1.9632E-5	-0.681274	
1.964E-5	-0.603149	
1.9648E-5	-0.636963	
1.9656E-5	-0.408936	
1.9664E-5	-0.525269	
1.9672E-5	-0.380249	
1.968E-5	-0.483276	
1.9688E-5	-0.660889	
1.9696E-5	-0.692383	
1.9704E-5	-0.580078	
1.9712E-5	-0.355835	
1.972E-5	-0.521362	
1.9728E-5	-0.660278	
1.9736E-5	-0.403931	
1.9744E-5	-0.577515	
1.9752E-5	-0.46936	
1.976E-5	-0.630371	
1.9768E-5	-0.639526	
1.9776E-5	-0.570312	
1.9784E-5	-0.474487	
1.9792E-5	-0.407593	
1.98E-5	-0.569946	
1.9808E-5	-0.415039	
1.9816E-5	-0.605713	
1.9824E-5	-0.406372	
1.9832E-5	-0.359253	
1.984E-5	-0.526123	
1.9848E-5	-0.576172	
1.9856E-5	-0.329224	
1.9864E-5	-0.453979	
1.9872E-5	-0.491089	
1.988E-5	-0.636841	
1.9888E-5	-0.46167	
1.9896E-5	-0.398804	
1.9904E-5	-0.412842	
1.9912E-5	-0.593994	
1.992E-5	-0.438843	
1.9928E-5	-0.436523	
1.9936E-5	-0.531372	
1.9944E-5	-0.554443	
1.9952E-5	-0.399902	
1.996E-5	-0.60022	
1.9968E-5	-0.335571	
1.9976E-5	-0.346924	
1.9984E-5	-0.267212	
1.9992E-5	-0.43103	
2E-5	-0.591064	
2.0008E-5	-0.412842	
2.0016E-5	-0.329712	
2.0024E-5	-0.283813	
2.0032E-5	-0.396484	
2.004E-5	-0.394531	
2.0048E-5	-0.245361	
2.0056E-5	-0.37561	
2.0064E-5	-0.296265	
2.0072E-5	-0.391968	
2.008E-5	-0.550537	
2.0088E-5	-0.251587	
2.0096E-5	-0.397095	
2.0104E-5	-0.535645	
2.0112E-5	-0.226562	
2.012E-5	-0.227905	
2.0128E-5	-0.285278	
2.0136E-5	-0.554565	
2.0144E-5	-0.243408	
2.0152E-5	-0.201538	
2.016E-5	-0.228027	
2.0168E-5	-0.246704	
2.0176E-5	-0.41394	
2.0184E-5	-0.218872	
2.0192E-5	-0.267944	
2.02E-5	-0.284424	
2.0208E-5	-0.462158	
2.0216E-5	-0.529907	
2.0224E-5	-0.250366	
2.0232E-5	-0.359619	
2.024E-5	-0.251587	
2.0248E-5	-0.236694	
2.0256E-5	-0.440308	
2.0264E-5	-0.437622	
2.0272E-5	-0.192139	
2.028E-5	-0.218506	
2.0288E-5	-0.174805	
2.0296E-5	-0.226807	
2.0304E-5	-0.394043	
2.0312E-5	-0.23584	
2.032E-5	-0.217407	
2.0328E-5	-0.321411	
2.0336E-5	-0.38208	
2.0344E-5	-0.302979	
2.0352E-5	-0.143799	
2.036E-5	-0.290771	
2.0368E-5	-0.450928	
2.0376E-5	-0.118042	
2.0384E-5	-0.367432	
2.0392E-5	-0.346802	
2.04E-5	-0.33667	
2.0408E-5	-0.414062	
2.0416E-5	-0.301758	
2.0424E-5	-0.171875	
2.0432E-5	-0.160278	
2.044E-5	-0.280273	
2.0448E-5	-0.210327	
2.0456E-5	-0.249756	
2.0464E-5	-0.230591	
2.0472E-5	-0.0957031	
2.048E-5	-0.318115	
2.0488E-5	-0.217407	
2.0496E-5	-0.0531006	
2.0504E-5	-0.160522	
2.0512E-5	-0.0482178	
2.052E-5	-0.0523682	
2.0528E-5	-0.0360107	
2.0536E-5	-0.0258789	
2.0544E-5	-0.0626221	
2.0552E-5	-0.123901	
2.056E-5	-0.00366211	
2.0568E-5	-0.0327148	
2.0576E-5	-0.214355	
2.0584E-5	-0.279785	
2.0592E-5	-0.150269	
2.06E-5	-0.0942383	
2.0608E-5	-0.204834	
2.0616E-5	-0.267578	
2.0624E-5	-0.18811	
2.0632E-5	-0.0726318	
2.064E-5	-0.0947266	
2.0648E-5	-0.0377197	
2.0656E-5	-0.259644	
2.0664E-5	0.0163574	
2.0672E-5	-0.17688	
2.068E-5	-0.0543213	
2.0688E-5	0.0406494	
2.0696E-5	-0.0275879	
2.0704E-5	-0.09375	
2.0712E-5	-0.0274658	
2.072E-5	0.0794678	
2.0728E-5	-0.0313721	
2.0736E-5	-0.281128	
2.0744E-5	-0.150757	
2.0752E-5	0.0839844	
2.076E-5	0.0476074	
2.0768E-5	-0.254272	
2.0776E-5	-0.0164795	
2.0784E-5	-0.00695801	
2.0792E-5	-0.111206	
2.08E-5	0.0472412	
2.0808E-5	0.116455	
2.0816E-5	0.0465088	
2.0824E-5	-0.0106201	
2.0832E-5	0.0651855	
2.084E-5	-0.0891113	
2.0848E-5	0.131592	
2.0856E-5	-0.199829	
2.0864E-5	-0.183105	
2.0872E-5	0.043335	
2.088E-5	-0.162964	
2.0888E-5	0.165894	
2.0896E-5	-0.113647	
2.0904E-5	-0.165283	
2.0912E-5	0.1521	
2.092E-5	0.189209	
2.0928E-5	0.111206	
2.0936E-5	0.0183105	
2.0944E-5	0.0272217	
2.0952E-5	0.0318604	
2.096E-5	-0.0413818	
2.0968E-5	0.134521	
2.0976E-5	0.101562	
2.0984E-5	0.171509	
2.0992E-5	0.220947	
2.1E-5	0.142334	
2.1008E-5	-0.113281	
2.1016E-5	0.0996094	
2.1024E-5	0.158203	
2.1032E-5	-0.0544434	
2.104E-5	0.175537	
2.1048E-5	0.201294	
2.1056E-5	0.19812	
2.1064E-5	-0.0693359	
2.1072E-5	0.143677	
2.108E-5	0.00402832	
2.1088E-5	0.223511	
2.1096E-5	0.134766	
2.1104E-5	-0.0549316	
2.1112E-5	0.0402832	
2.112E-5	0.0563965	
2.1128E-5	0.184937	
2.1136E-5	-0.0192871	
2.1144E-5	-0.0418701	
2.1152E-5	0.224121	
2.116E-5	0.144897	
2.1168E-5	-0.0045166	
2.1176E-5	0.25708	
2.1184E-5	0.0961914	
2.1192E-5	0.306519	
2.12E-5	0.177734	
2.1208E-5	0.174927	
2.1216E-5	0.214478	
2.1224E-5	0.069458	
2.1232E-5	0.0887451	
2.124E-5	0.0313721	
2.1248E-5	0.141357	
2.1256E-5	0.0065918	
2.1264E-5	0.15271	
2.1272E-5	0.306274	
2.128E-5	0.348877	
2.1288E-5	0.354248	
2.1296E-5	0.111572	
2.1304E-5	0.369385	
2.1312E-5	0.332275	
2.132E-5	0.2323	
2.1328E-5	0.0861816	
2.1336E-5	0.200806	
2.1344E-5	0.253906	
2.1352E-5	0.348633	
2.136E-5	0.130371	
2.1368E-5	0.303345	
2.1376E-5	0.360229	
2.1384E-5	0.256104	
2.1392E-5	0.182495	
2.14E-5	0.372803	
2.1408E-5	0.285522	
2.1416E-5	0.13562	
2.1424E-5	0.291016	
2.1432E-5	0.324951	
2.144E-5	0.325317	
2.1448E-5	0.321899	
2.1456E-5	0.251221	
2.1464E-5	0.334595	
2.1472E-5	0.190308	
2.148E-5	0.422852	
2.1488E-5	0.167847	
2.1496E-5	0.302979	
2.1504E-5	0.423828	
2.1512E-5	0.47229	
2.152E-5	0.160522	
2.1528E-5	0.436646	
2.1536E-5	0.434204	
2.1544E-5	0.499268	
2.1552E-5	0.181885	
2.156E-5	0.186035	
2.1568E-5	0.296509	
2.1576E-5	0.423462	
2.1584E-5	0.169678	
2.1592E-5	0.436401	
2.16E-5	0.518311	
2.1608E-5	0.219604	
2.1616E-5	0.266479	
2.1624E-5	0.378174	
2.1632E-5	0.298584	
2.164E-5	0.51062	
2.1648E-5	0.34668	
2.1656E-5	0.442993	
2.1664E-5	0.360962	
2.1672E-5	0.453369	
2.168E-5	0.235229	
2.1688E-5	0.416138	
2.1696E-5	0.523071	
2.1704E-5	0.293579	
2.1712E-5	0.540771	
2.172E-5	0.472534	
2.1728E-5	0.537598	
2.1736E-5	0.438354	
2.1744E-5	0.313232	
2.1752E-5	0.37854	
2.176E-5	0.59021	
2.1768E-5	0.477661	
2.1776E-5	0.246582	
2.1784E-5	0.485474	
2.1792E-5	0.330688	
2.18E-5	0.310303	
2.1808E-5	0.45105	
2.1816E-5	0.49231	
2.1824E-5	0.618652	
2.1832E-5	0.266113	
2.184E-5	0.480713	
2.1848E-5	0.597778	
2.1856E-5	0.26062	
2.1864E-5	0.60498	
2.1872E-5	0.564087	
2.188E-5	0.548462	
2.1888E-5	0.310669	
2.1896E-5	0.638062	
2.1904E-5	0.331543	
2.1912E-5	0.554321	
2.192E-5	0.56958	
2.1928E-5	0.500854	
2.1936E-5	0.576416	
2.1944E-5	0.512207	
2.1952E-5	0.317993	
2.196E-5	0.438721	
2.1968E-5	0.362061	
2.1976E-5	0.565308	
2.1984E-5	0.417725	
2.1992E-5	0.53125	
2.2E-5	0.382202	
2.2008E-5	0.504639	
2.2016E-5	0.654175	
2.2024E-5	0.631714	
2.2032E-5	0.350952	
2.204E-5	0.658325	
2.2048E-5	0.541382	
2.2056E-5	0.360596	
2.2064E-5	0.676758	
2.2072E-5	0.571167	
2.208E-5	0.603149	
2.2088E-5	0.618652	
2.2096E-5	0.505127	
2.2104E-5	0.582397	
2.2112E-5	0.617676	
2.212E-5	0.578125	
2.2128E-5	0.699585	
2.2136E-5	0.48584	
2.2144E-5	0.535767	
2.2152E-5	0.492798	
2.216E-5	0.700684	
2.2168E-5	0.560059	
2.2176E-5	0.468384	
2.2184E-5	0.701538	
2.2192E-5	0.625488	
2.22E-5	0.503784	
2.2208E-5	0.379272	
2.2216E-5	0.588623	
2.2224E-5	0.666016	
2.2232E-5	0.650391	
2.224E-5	0.490967	
2.2248E-5	0.477051	
2.2256E-5	0.4646	
2.2264E-5	0.69397	
2.2272E-5	0.723389	
2.228E-5	0.596924	
2.2288E-5	0.738037	
2.2296E-5	0.636353	
2.2304E-5	0.622314	
2.2312E-5	0.731812	
2.232E-5	0.658936	
2.2328E-5	0.757202	
2.2336E-5	0.598022	
2.2344E-5	0.457642	
2.2352E-5	0.606323	
2.236E-5	0.716797	
2.2368E-5	0.469849	
2.2376E-5	0.768921	
2.2384E-5	0.615601	
2.2392E-5	0.714844	
2.24E-5	0.488525	
2.2408E-5	0.467285	
2.2416E-5	0.494019	
2.2424E-5	0.512207	
2.2432E-5	0.567627	
2.244E-5	0.61145	
2.2448E-5	0.484619	
2.2456E-5	0.614502	
2.2464E-5	0.540283	
2.2472E-5	0.54895	
2.248E-5	0.68457	
2.2488E-5	0.768433	
2.2496E-5	0.679565	
2.2504E-5	0.480957	
2.2512E-5	0.519531	
2.252E-5	0.702271	
2.2528E-5	0.630371	
2.2536E-5	0.574829	
2.2544E-5	0.515991	
2.2552E-5	0.67688	
2.256E-5	0.715332	
2.2568E-5	0.643066	
2.2576E-5	0.617432	
2.2584E-5	0.585449	
2.2592E-5	0.474731	
2.26E-5	0.61438	
2.2608E-5	0.566162	
2.2616E-5	0.590332	
2.2624E-5	0.588135	
2.2632E-5	0.783081	
2.264E-5	0.475586	
2.2648E-5	0.779541	
2.2656E-5	0.514526	
2.2664E-5	0.761719	
2.2672E-5	0.575562	
2.268E-5	0.706543	
2.2688E-5	0.446045	
2.2696E-5	0.43103	
2.2704E-5	0.696167	
2.2712E-5	0.625488	
2.272E-5	0.543701	
2.2728E-5	0.492065	
2.2736E-5	0.549805	
2.2744E-5	0.625854	
2.2752E-5	0.535645	
2.276E-5	0.453857	
2.2768E-5	0.745972	
2.2776E-5	0.780884	
2.2784E-5	0.686279	
2.2792E-5	0.567871	
2.28E-5	0.621094	
2.2808E-5	0.530029	
2.2816E-5	0.7677	
2.2824E-5	0.714355	
2.2832E-5	0.468628	
2.284E-5	0.643188	
2.2848E-5	0.79248	
2.2856E-5	0.787598	
2.2864E-5	0.67749	
2.2872E-5	0.590454	
2.288E-5	0.625244	
2.2888E-5	0.663086	
2.2896E-5	0.698975	
2.2904E-5	0.720703	
2.2912E-5	0.690796	
2.292E-5	0.625	
2.2928E-5	0.638184	
2.2936E-5	0.522095	
2.2944E-5	0.609985	
2.2952E-5	0.631348	
2.296E-5	0.728394	
2.2968E-5	0.621582	
2.2976E-5	0.430176	
2.2984E-5	0.564575	
2.2992E-5	0.538086	
2.3E-5	0.71106	
2.3008E-5	0.748291	
2.3016E-5	0.772217	
2.3024E-5	0.468018	
2.3032E-5	0.559326	
2.304E-5	0.554565	
2.3048E-5	0.743042	
2.3056E-5	0.4552	
2.3064E-5	0.513916	
2.3072E-5	0.562134	
2.308E-5	0.691284	
2.3088E-5	0.549805	
2.3096E-5	0.710327	
2.3104E-5	0.505737	
2.3112E-5	0.6427	
2.312E-5	0.634888	
2.3128E-5	0.740723	
2.3136E-5	0.613403	
2.3144E-5	0.530518	
2.3152E-5	0.442749	
2.316E-5	0.687622	
2.3168E-5	0.455078	
2.3176E-5	0.58252	
2.3184E-5	0.723389	
2.3192E-5	0.669556	
2.32E-5	0.664062	
2.3208E-5	0.436401	
2.3216E-5	0.474976	
2.3224E-5	0.630127	
2.3232E-5	0.518677	
2.324E-5	0.530396	
2.3248E-5	0.695435	
2.3256E-5	0.420776	
2.3264E-5	0.505493	
2.3272E-5	0.372681	
2.328E-5	0.725708	
2.3288E-5	0.545288	
2.3296E-5	0.739258	
2.3304E-5	0.704346	
2.3312E-5	0.499634	
2.332E-5	0.440796	
2.3328E-5	0.432617	
2.3336E-5	0.600952	
2.3344E-5	0.500488	
2.3352E-5	0.501587	
2.336E-5	0.358887	
2.3368E-5	0.596191	
2.3376E-5	0.654297	
2.3384E-5	0.361816	
2.3392E-5	0.58667	
2.34E-5	0.592407	
2.3408E-5	0.60083	
2.3416E-5	0.599365	
2.3424E-5	0.460693	
2.3432E-5	0.606323	
2.344E-5	0.452393	
2.3448E-5	0.592896	
2.3456E-5	0.384155	
2.3464E-5	0.460815	
2.3472E-5	0.637451	
2.348E-5	0.619385	
2.3488E-5	0.67041	
2.3496E-5	0.515625	
2.3504E-5	0.470825	
2.3512E-5	0.669067	
2.352E-5	0.516846	
2.3528E-5	0.528442	
2.3536E-5	0.591675	
2.3544E-5	0.610596	
2.3552E-5	0.367554	
2.356E-5	0.574219	
2.3568E-5	0.452148	
2.3576E-5	0.315186	
2.3584E-5	0.544434	
2.3592E-5	0.352173	
2.36E-5	0.389526	
2.3608E-5	0.418579	
2.3616E-5	0.642334	
2.3624E-5	0.293457	
2.3632E-5	0.349365	
2.364E-5	0.294922	
2.3648E-5	0.600098	
2.3656E-5	0.374756	
2.3664E-5	0.440186	
2.3672E-5	0.483398	
2.368E-5	0.337769	
2.3688E-5	0.444702	
2.3696E-5	0.52771	
2.3704E-5	0.328003	
2.3712E-5	0.496338	
2.372E-5	0.478516	
2.3728E-5	0.467651	
2.3736E-5	0.487427	
2.3744E-5	0.287354	
2.3752E-5	0.233154	
2.376E-5	0.582275	
2.3768E-5	0.540405	
2.3776E-5	0.352295	
2.3784E-5	0.341675	
2.3792E-5	0.463379	
2.38E-5	0.386841	
2.3808E-5	0.513916	
2.3816E-5	0.304565	
2.3824E-5	0.336914	
2.3832E-5	0.379639	
2.384E-5	0.506958	
2.3848E-5	0.485718	
2.3856E-5	0.353027	
2.3864E-5	0.421143	
2.3872E-5	0.43811	
2.388E-5	0.47522	
2.3888E-5	0.243652	
2.3896E-5	0.289551	
2.3904E-5	0.335937	
2.3912E-5	0.233398	
2.392E-5	0.218628	
2.3928E-5	0.497559	
2.3936E-5	0.200317	
2.3944E-5	0.401123	
2.3952E-5	0.498169	
2.396E-5	0.493408	
2.3968E-5	0.435669	
2.3976E-5	0.12854	
2.3984E-5	0.399536	
2.3992E-5	0.448242	
2.4E-5	0.178345	
2.4008E-5	0.15918	
2.4016E-5	0.4021	
2.4024E-5	0.265869	
2.4032E-5	0.356567	
2.404E-5	0.114136	
2.4048E-5	0.255249	
2.4056E-5	0.374878	
2.4064E-5	0.127563	
2.4072E-5	0.361328	
2.408E-5	0.157959	
2.4088E-5	0.328491	
2.4096E-5	0.124268	
2.4104E-5	0.316162	
2.4112E-5	0.182617	
2.412E-5	0.407959	
2.4128E-5	0.225708	
2.4136E-5	0.381958	
2.4144E-5	0.234375	
2.4152E-5	0.128662	
2.416E-5	0.221069	
2.4168E-5	0.233154	
2.4176E-5	0.0552979	
2.4184E-5	0.17749	
2.4192E-5	0.24939	
2.42E-5	0.203613	
2.4208E-5	0.22998	
2.4216E-5	0.0605469	
2.4224E-5	0.180054	
2.4232E-5	0.0751953	
2.424E-5	0.170166	
2.4248E-5	0.272339	
2.4256E-5	0.321167	
2.4264E-5	-0.0125732	
2.4272E-5	0.189819	
2.428E-5	0.112671	
2.4288E-5	0.126221	
2.4296E-5	0.220459	
2.4304E-5	0.119995	
2.4312E-5	0.0718994	
2.432E-5	0.119507	
2.4328E-5	0.286865	
2.4336E-5	0.226807	
2.4344E-5	0.0932617	
2.4352E-5	0.133667	
2.436E-5	0.181519	
2.4368E-5	0.113647	
2.4376E-5	0.222046	
2.4384E-5	0.0306396	
2.4392E-5	-0.0142822	
2.44E-5	0.00512695	
2.4408E-5	-0.00476074	
2.4416E-5	-0.0474854	
2.4424E-5	0.127686	
2.4432E-5	-0.0631104	
2.444E-5	-0.0703125	
2.4448E-5	0.0484619	
2.4456E-5	0.115112	
2.4464E-5	-0.0551758	
2.4472E-5	0.0843506	
2.448E-5	-0.0688477	
2.4488E-5	0.123779	
2.4496E-5	-0.0480957	
2.4504E-5	0.0462646	
2.4512E-5	-0.142334	
2.452E-5	0.135498	
2.4528E-5	-0.00952148	
2.4536E-5	-0.00756836	
2.4544E-5	0.0178223	
2.4552E-5	-0.00463867	
2.456E-5	0.0645752	
2.4568E-5	-0.14209	
2.4576E-5	0.00415039	
2.4584E-5	0.14502	
2.4592E-5	0.0845947	
2.46E-5	-0.197632	
2.4608E-5	-0.0197754	
2.4616E-5	-0.0871582	
2.4624E-5	0.0565186	
2.4632E-5	0.00500488	
2.464E-5	-0.206177	
2.4648E-5	-0.0174561	
2.4656E-5	0.140869	
2.4664E-5	0.108276	
2.4672E-5	-0.0162354	
2.468E-5	-0.234375	
2.4688E-5	0.0926514	
2.4696E-5	-0.0876465	
2.4704E-5	0.0065918	
2.4712E-5	-0.170044	
2.472E-5	-0.192627	
2.4728E-5	-0.0245361	
2.4736E-5	0.0578613	
2.4744E-5	-0.026123	
2.4752E-5	-0.0490723	
2.476E-5	-0.199829	
2.4768E-5	0.0838623	
2.4776E-5	-0.0913086	
2.4784E-5	-0.0244141	
2.4792E-5	-0.129761	
2.48E-5	0.00671387	
2.4808E-5	-0.0266113	
2.4816E-5	-0.0246582	
2.4824E-5	-0.147217	
2.4832E-5	-0.221191	
2.484E-5	-0.195801	
2.4848E-5	-0.0258789	
2.4856E-5	-0.186401	
2.4864E-5	-0.324585	
2.4872E-5	-0.00805664	
2.488E-5	-0.0162354	
2.4888E-5	-0.1604	
2.4896E-5	-0.253906	
2.4904E-5	-0.0637207	
2.4912E-5	-0.131348	
2.492E-5	-0.043335	
2.4928E-5	-0.358887	
2.4936E-5	-0.203247	
2.4944E-5	-0.129883	
2.4952E-5	-0.36084	
2.496E-5	-0.117065	
2.4968E-5	-0.0495605	
2.4976E-5	-0.0471191	
2.4984E-5	-0.275024	
2.4992E-5	-0.360596	
2.5E-5	-0.0516357	
2.5008E-5	-0.303223	
2.5016E-5	-0.150024	
2.5024E-5	-0.403809	
2.5032E-5	-0.320679	
2.504E-5	-0.261597	
2.5048E-5	-0.295532	
2.5056E-5	-0.288208	
2.5064E-5	-0.370728	
2.5072E-5	-0.407837	
2.508E-5	-0.454102	
2.5088E-5	-0.102661	
2.5096E-5	-0.319946	
2.5104E-5	-0.278198	
2.5112E-5	-0.428101	
2.512E-5	-0.207153	
2.5128E-5	-0.328735	
2.5136E-5	-0.10498	
2.5144E-5	-0.251831	
2.5152E-5	-0.356323	
2.516E-5	-0.242432	
2.5168E-5	-0.321899	
2.5176E-5	-0.180664	
2.5184E-5	-0.241943	
2.5192E-5	-0.150757	
2.52E-5	-0.401001	
2.5208E-5	-0.476807	
2.5216E-5	-0.460937	
2.5224E-5	-0.244385	
2.5232E-5	-0.28479	
2.524E-5	-0.463013	
2.5248E-5	-0.182983	
2.5256E-5	-0.47644	
2.5264E-5	-0.49707	
2.5272E-5	-0.271851	
2.528E-5	-0.490356	
2.5288E-5	-0.538208	
2.5296E-5	-0.253296	
2.5304E-5	-0.48291	
2.5312E-5	-0.49939	
2.532E-5	-0.345093	
2.5328E-5	-0.343994	
2.5336E-5	-0.310913	
2.5344E-5	-0.562134	
2.5352E-5	-0.40271	
2.536E-5	-0.501221	
2.5368E-5	-0.512573	
2.5376E-5	-0.394531	
2.5384E-5	-0.426392	
2.5392E-5	-0.500122	
2.54E-5	-0.324829	
2.5408E-5	-0.457275	
2.5416E-5	-0.279785	
2.5424E-5	-0.529297	
2.5432E-5	-0.379761	
2.544E-5	-0.319336	
2.5448E-5	-0.393311	
2.5456E-5	-0.523193	
2.5464E-5	-0.29126	
2.5472E-5	-0.323242	
2.548E-5	-0.546631	
2.5488E-5	-0.484131	
2.5496E-5	-0.526123	
2.5504E-5	-0.323364	
2.5512E-5	-0.450439	
2.552E-5	-0.613037	
2.5528E-5	-0.372925	
2.5536E-5	-0.630371	
2.5544E-5	-0.387695	
2.5552E-5	-0.491821	
2.556E-5	-0.291992	
2.5568E-5	-0.614014	
2.5576E-5	-0.320801	
2.5584E-5	-0.357788	
2.5592E-5	-0.353638	
2.56E-5	-0.571899	
2.5608E-5	-0.430054	
2.5616E-5	-0.584839	
2.5624E-5	-0.552368	
2.5632E-5	-0.675415	
2.564E-5	-0.524658	
2.5648E-5	-0.338013	
2.5656E-5	-0.47876	
2.5664E-5	-0.60083	
2.5672E-5	-0.664551	
2.568E-5	-0.348022	
2.5688E-5	-0.675415	
2.5696E-5	-0.500366	
2.5704E-5	-0.411621	
2.5712E-5	-0.428833	
2.572E-5	-0.657104	
2.5728E-5	-0.400391	
2.5736E-5	-0.595947	
2.5744E-5	-0.638062	
2.5752E-5	-0.578491	
2.576E-5	-0.376709	
2.5768E-5	-0.721069	
2.5776E-5	-0.611938	
2.5784E-5	-0.684937	
2.5792E-5	-0.635132	
2.58E-5	-0.653442	
2.5808E-5	-0.599365	
2.5816E-5	-0.399292	
2.5824E-5	-0.645264	
2.5832E-5	-0.579956	
2.584E-5	-0.369629	
2.5848E-5	-0.720947	
2.5856E-5	-0.499268	
2.5864E-5	-0.61084	
2.5872E-5	-0.453735	
2.588E-5	-0.455078	
2.5888E-5	-0.646484	
2.5896E-5	-0.586182	
2.5904E-5	-0.570679	
2.5912E-5	-0.523682	
2.592E-5	-0.533936	
2.5928E-5	-0.41748	
2.5936E-5	-0.70459	
2.5944E-5	-0.722534	
2.5952E-5	-0.669678	
2.596E-5	-0.745605	
2.5968E-5	-0.568848	
2.5976E-5	-0.435059	
2.5984E-5	-0.526978	
2.5992E-5	-0.609375	
2.6E-5	-0.402466	
2.6008E-5	-0.505249	
2.6016E-5	-0.500244	
2.6024E-5	-0.655396	
2.6032E-5	-0.753296	
2.604E-5	-0.767334	
2.6048E-5	-0.755127	
2.6056E-5	-0.64563	
2.6064E-5	-0.770996	
2.6072E-5	-0.716919	
2.608E-5	-0.573486	
2.6088E-5	-0.591064	
2.6096E-5	-0.792969	
2.6104E-5	-0.684326	
2.6112E-5	-0.591919	
2.612E-5	-0.615601	
2.6128E-5	-0.435547	
2.6136E-5	-0.666138	
2.6144E-5	-0.461548	
2.6152E-5	-0.692871	
2.616E-5	-0.601685	
2.6168E-5	-0.696899	
2.6176E-5	-0.479004	
2.6184E-5	-0.441284	
2.6192E-5	-0.532349	
2.62E-5	-0.493652	
2.6208E-5	-0.728882	
2.6216E-5	-0.719727	
2.6224E-5	-0.765381	
2.6232E-5	-0.609619	
2.624E-5	-0.456665	
2.6248E-5	-0.624512	
2.6256E-5	-0.614502	
2.6264E-5	-0.738892	
2.6272E-5	-0.659302	
2.628E-5	-0.487549	
2.6288E-5	-0.514282	
2.6296E-5	-0.610596	
2.6304E-5	-0.603882	
2.6312E-5	-0.804077	
2.632E-5	-0.705078	
2.6328E-5	-0.744507	
2.6336E-5	-0.756958	
2.6344E-5	-0.496826	
2.6352E-5	-0.682129	
2.636E-5	-0.502808	
2.6368E-5	-0.649902	
2.6376E-5	-0.674316	
2.6384E-5	-0.540161	
2.6392E-5	-0.656494	
2.64E-5	-0.449097	
2.6408E-5	-0.666382	
2.6416E-5	-0.524536	
2.6424E-5	-0.562378	
2.6432E-5	-0.7323	
2.644E-5	-0.543213	
2.6448E-5	-0.471802	
2.6456E-5	-0.707886	
2.6464E-5	-0.574707	
2.6472E-5	-0.719238	
2.648E-5	-0.629028	
2.6488E-5	-0.539917	
2.6496E-5	-0.584229	
2.6504E-5	-0.520142	
2.6512E-5	-0.637451	
2.652E-5	-0.735474	
2.6528E-5	-0.618774	
2.6536E-5	-0.551636	
2.6544E-5	-0.80896	
2.6552E-5	-0.653687	
2.656E-5	-0.625488	
2.6568E-5	-0.482788	
2.6576E-5	-0.692749	
2.6584E-5	-0.716309	
2.6592E-5	-0.799194	
2.66E-5	-0.732788	
2.6608E-5	-0.739502	
2.6616E-5	-0.699829	
2.6624E-5	-0.749268	
2.6632E-5	-0.48877	
2.664E-5	-0.444214	
2.6648E-5	-0.435303	
2.6656E-5	-0.753418	
2.6664E-5	-0.436157	
2.6672E-5	-0.756226	
2.668E-5	-0.499023	
2.6688E-5	-0.569336	
2.6696E-5	-0.537231	
2.6704E-5	-0.656372	
2.6712E-5	-0.544678	
2.672E-5	-0.452393	
2.6728E-5	-0.685303	
2.6736E-5	-0.627686	
2.6744E-5	-0.598022	
2.6752E-5	-0.463013	
2.676E-5	-0.753784	
2.6768E-5	-0.64624	
2.6776E-5	-0.487427	
2.6784E-5	-0.710327	
2.6792E-5	-0.557129	
2.68E-5	-0.627441	
2.6808E-5	-0.640381	
2.6816E-5	-0.604858	
2.6824E-5	-0.530518	
2.6832E-5	-0.516968	
2.684E-5	-0.448608	
2.6848E-5	-0.682617	
2.6856E-5	-0.54126	
2.6864E-5	-0.659668	
2.6872E-5	-0.551514	
2.688E-5	-0.468628	
2.6888E-5	-0.709839	
2.6896E-5	-0.614258	
2.6904E-5	-0.540405	
2.6912E-5	-0.585693	
2.692E-5	-0.408569	
2.6928E-5	-0.562256	
2.6936E-5	-0.553833	
2.6944E-5	-0.479492	
2.6952E-5	-0.636108	
2.696E-5	-0.696655	
2.6968E-5	-0.653564	
2.6976E-5	-0.628296	
2.6984E-5	-0.473022	
2.6992E-5	-0.633301	
2.7E-5	-0.657349	
2.7008E-5	-0.665283	
2.7016E-5	-0.495605	
2.7024E-5	-0.456909	
2.7032E-5	-0.528564	
2.704E-5	-0.697632	
2.7048E-5	-0.690308	
2.7056E-5	-0.414917	
2.7064E-5	-0.391235	
2.7072E-5	-0.4104	
2.708E-5	-0.705933	
2.7088E-5	-0.55481	
2.7096E-5	-0.490356	
2.7104E-5	-0.37854	
2.7112E-5	-0.585205	
2.712E-5	-0.6698	
2.7128E-5	-0.336914	
2.7136E-5	-0.439331	
2.7144E-5	-0.331665	
2.7152E-5	-0.424072	
2.716E-5	-0.555786	
2.7168E-5	-0.443726	
2.7176E-5	-0.368286	
2.7184E-5	-0.625488	
2.7192E-5	-0.498169	
2.72E-5	-0.652466	
2.7208E-5	-0.334595	
2.7216E-5	-0.422974	
2.7224E-5	-0.537842	
2.7232E-5	-0.593994	
2.724E-5	-0.611084	
2.7248E-5	-0.648682	
2.7256E-5	-0.460693	
2.7264E-5	-0.547852	
2.7272E-5	-0.605835	
2.728E-5	-0.329956	
2.7288E-5	-0.416382	
2.7296E-5	-0.522949	
2.7304E-5	-0.509888	
2.7312E-5	-0.550415	
2.732E-5	-0.540649	
2.7328E-5	-0.380737	
2.7336E-5	-0.412476	
2.7344E-5	-0.28833	
2.7352E-5	-0.608398	
2.736E-5	-0.599731	
2.7368E-5	-0.33728	
2.7376E-5	-0.361572	
2.7384E-5	-0.588745	
2.7392E-5	-0.4375	
2.74E-5	-0.414429	
2.7408E-5	-0.438843	
2.7416E-5	-0.59082	
2.7424E-5	-0.280029	
2.7432E-5	-0.583618	
2.744E-5	-0.470703	
2.7448E-5	-0.519409	
2.7456E-5	-0.259766	
2.7464E-5	-0.241455	
2.7472E-5	-0.291626	
2.748E-5	-0.416138	
2.7488E-5	-0.226318	
2.7496E-5	-0.437134	
2.7504E-5	-0.434814	
2.7512E-5	-0.381592	
2.752E-5	-0.488403	
2.7528E-5	-0.290649	
2.7536E-5	-0.544556	
2.7544E-5	-0.259399	
2.7552E-5	-0.308838	
2.756E-5	-0.434692	
2.7568E-5	-0.252686	
2.7576E-5	-0.280273	
2.7584E-5	-0.190063	
2.7592E-5	-0.186035	
2.76E-5	-0.183105	
2.7608E-5	-0.169067	
2.7616E-5	-0.17981	
2.7624E-5	-0.302856	
2.7632E-5	-0.22583	
2.764E-5	-0.211548	
2.7648E-5	-0.497925	
2.7656E-5	-0.363525	
2.7664E-5	-0.487061	
2.7672E-5	-0.171387	
2.768E-5	-0.205688	
2.7688E-5	-0.313354	
2.7696E-5	-0.299805	
2.7704E-5	-0.137939	
2.7712E-5	-0.411133	
2.772E-5	-0.269165	
2.7728E-5	-0.216187	
2.7736E-5	-0.113403	
2.7744E-5	-0.137695	
2.7752E-5	-0.34082	
2.776E-5	-0.266846	
2.7768E-5	-0.309448	
2.7776E-5	-0.395752	
2.7784E-5	-0.0848389	
2.7792E-5	-0.316772	
2.78E-5	-0.302002	
2.7808E-5	-0.376221	
2.7816E-5	-0.239868	
2.7824E-5	-0.177734	
2.7832E-5	-0.384277	
2.784E-5	-0.355225	
2.7848E-5	-0.218994	
2.7856E-5	-0.189941	
2.7864E-5	-0.38501	
2.7872E-5	-0.216431	
2.788E-5	-0.182617	
2.7888E-5	-0.1427	
2.7896E-5	-0.254028	
2.7904E-5	-0.213623	
2.7912E-5	-0.151489	
2.792E-5	-0.090332	
2.7928E-5	-0.0911865	
2.7936E-5	-0.167847	
2.7944E-5	-0.0405273	
2.7952E-5	-0.291138	
2.796E-5	-0.0533447	
2.7968E-5	-0.0874023	
2.7976E-5	-0.320679	
2.7984E-5	0.0172119	
2.7992E-5	-0.16272	
2.8E-5	-0.195312	
2.8008E-5	-0.251099	
2.8016E-5	-0.182007	
2.8024E-5	0.000366211	
2.8032E-5	-0.0749512	
2.804E-5	0.0263672	
2.8048E-5	-0.0187988	
2.8056E-5	-0.213623	
2.8064E-5	-0.0872803	
2.8072E-5	-0.190918	
2.808E-5	-0.187012	
2.8088E-5	-0.171631	
2.8096E-5	0.0245361	
2.8104E-5	0.0400391	
2.8112E-5	-0.0992432	
2.812E-5	-0.182251	
2.8128E-5	-0.2677	
2.8136E-5	0.0371094	
2.8144E-5	-0.109741	
2.8152E-5	-0.124634	
2.816E-5	-0.172974	
2.8168E-5	0.0284424	
2.8176E-5	0.0853271	
2.8184E-5	-0.20166	
2.8192E-5	0.0976562	
2.82E-5	0.00390625	
2.8208E-5	-0.186279	
2.8216E-5	0.0963135	
2.8224E-5	-0.213867	
2.8232E-5	0.0380859	
2.824E-5	0.038208	
2.8248E-5	0.0367432	
2.8256E-5	0.129272	
2.8264E-5	-0.0257568	
2.8272E-5	0.0275879	
2.828E-5	0.167358	
2.8288E-5	0.0145264	
2.8296E-5	-0.155151	
2.8304E-5	-0.0687256	
2.8312E-5	0.171875	
2.832E-5	-0.113525	
2.8328E-5	0.072876	
2.8336E-5	-0.0788574	
2.8344E-5	0.207275	
2.8352E-5	-0.118652	
2.836E-5	-0.012207	
2.8368E-5	0.0560303	
2.8376E-5	0.0301514	
2.8384E-5	0.0826416	
2.8392E-5	0.074585	
2.84E-5	0.0931396	
2.8408E-5	0.139282	
2.8416E-5	0.237915	
2.8424E-5	0.171143	
2.8432E-5	0.0662842	
2.844E-5	0.253662	
2.8448E-5	-0.0712891	
2.8456E-5	0.218872	
2.8464E-5	-0.0314941	
2.8472E-5	0.223145	
2.848E-5	0.0689697	
2.8488E-5	0.11731	
2.8496E-5	-0.0266113	
2.8504E-5	0.0136719	
2.8512E-5	0.228027	
2.852E-5	0.173828	
2.8528E-5	0.0526123	
2.8536E-5	0.296753	
2.8544E-5	0.261597	
2.8552E-5	0.0961914	
2.856E-5	0.206543	
2.8568E-5	0.130981	
2.8576E-5	0.182739	
2.8584E-5	0.0780029	
2.8592E-5	0.00549316	
2.86E-5	0.17627	
2.8608E-5	0.303101	
2.8616E-5	0.143677	
2.8624E-5	0.0187988	
2.8632E-5	0.255249	
2.864E-5	0.147583	
2.8648E-5	0.0806885	
2.8656E-5	0.192627	
2.8664E-5	0.235107	
2.8672E-5	0.242065	
2.868E-5	0.0430908	
2.8688E-5	0.214722	
2.8696E-5	0.36853	
2.8704E-5	0.330078	
2.8712E-5	0.170044	
2.872E-5	0.146606	
2.8728E-5	0.187256	
2.8736E-5	0.402466	
2.8744E-5	0.319702	
2.8752E-5	0.112793	
2.876E-5	0.436523	
2.8768E-5	0.263916	
2.8776E-5	0.269043	
2.8784E-5	0.208008	
2.8792E-5	0.256104	
2.88E-5	0.405396	
2.8808E-5	0.178467	
2.8816E-5	0.304321	
2.8824E-5	0.265503	
2.8832E-5	0.141113	
2.884E-5	0.332642	
2.8848E-5	0.377441	
2.8856E-5	0.208862	
2.8864E-5	0.429687	
2.8872E-5	0.24353	
2.888E-5	0.430786	
2.8888E-5	0.152222	
2.8896E-5	0.360107	
2.8904E-5	0.304565	
2.8912E-5	0.149658	
2.892E-5	0.367065	
2.8928E-5	0.289917	
2.8936E-5	0.347168	
2.8944E-5	0.49231	
2.8952E-5	0.203369	
2.896E-5	0.275513	
2.8968E-5	0.406494	
2.8976E-5	0.406982	
2.8984E-5	0.519287	
2.8992E-5	0.354492	
2.9E-5	0.279907	
2.9008E-5	0.514648	
2.9016E-5	0.50769	
2.9024E-5	0.387939	
2.9032E-5	0.26001	
2.904E-5	0.286621	
2.9048E-5	0.401001	
2.9056E-5	0.288574	
2.9064E-5	0.398071	
2.9072E-5	0.441528	
2.908E-5	0.276855	
2.9088E-5	0.416748	
2.9096E-5	0.512207	
2.9104E-5	0.258423	
2.9112E-5	0.338745	
2.912E-5	0.431763	
2.9128E-5	0.381714	
2.9136E-5	0.581177	
2.9144E-5	0.518677	
2.9152E-5	0.429565	
2.916E-5	0.300659	
2.9168E-5	0.539429	
2.9176E-5	0.494873	
2.9184E-5	0.546143	
2.9192E-5	0.46228	
2.92E-5	0.425293	
2.9208E-5	0.409302	
2.9216E-5	0.427002	
2.9224E-5	0.63269	
2.9232E-5	0.470581	
2.924E-5	0.574219	
2.9248E-5	0.509766	
2.9256E-5	0.377441	
2.9264E-5	0.633057	
2.9272E-5	0.578125	
2.928E-5	0.400879	
2.9288E-5	0.584961	
2.9296E-5	0.337402	
2.9304E-5	0.462402	
2.9312E-5	0.603027	
2.932E-5	0.505127	
2.9328E-5	0.407837	
2.9336E-5	0.461182	
2.9344E-5	0.362549	
2.9352E-5	0.532349	
2.936E-5	0.431885	
2.9368E-5	0.547485	
2.9376E-5	0.388184	
2.9384E-5	0.64917	
2.9392E-5	0.654785	
2.94E-5	0.327271	
2.9408E-5	0.4198	
2.9416E-5	0.464966	
2.9424E-5	0.678467	
2.9432E-5	0.683594	
2.944E-5	0.540039	
2.9448E-5	0.662964	
2.9456E-5	0.636719	
2.9464E-5	0.360474	
2.9472E-5	0.504517	
2.948E-5	0.443115	
2.9488E-5	0.479248	
2.9496E-5	0.387207	
2.9504E-5	0.622803	
2.9512E-5	0.589844	
2.952E-5	0.445068	
2.9528E-5	0.655518	
2.9536E-5	0.477173	
2.9544E-5	0.646606	
2.9552E-5	0.635254	
2.956E-5	0.676758	
2.9568E-5	0.637329	
2.9576E-5	0.397461	
2.9584E-5	0.709229	
2.9592E-5	0.580811	
2.96E-5	0.637817	
2.9608E-5	0.598389	
2.9616E-5	0.60437	
2.9624E-5	0.744873	
2.9632E-5	0.670532	
2.964E-5	0.740967	
2.9648E-5	0.603638	
2.9656E-5	0.446045	
2.9664E-5	0.425171	
2.9672E-5	0.515869	
2.968E-5	0.504883	
2.9688E-5	0.759888	
2.9696E-5	0.639404	
2.9704E-5	0.670166	
2.9712E-5	0.57605	
2.972E-5	0.764404	
2.9728E-5	0.440308	
2.9736E-5	0.434937	
2.9744E-5	0.650635	
2.9752E-5	0.681396	
2.976E-5	0.75415	
2.9768E-5	0.509277	
2.9776E-5	0.44873	
2.9784E-5	0.418213	
2.9792E-5	0.41626	
2.98E-5	0.671875	
2.9808E-5	0.579834	
2.9816E-5	0.643555	
2.9824E-5	0.532227	
2.9832E-5	0.52417	
2.984E-5	0.691162	
2.9848E-5	0.604614	
2.9856E-5	0.614868	
2.9864E-5	0.777954	
2.9872E-5	0.544678	
2.988E-5	0.772461	
2.9888E-5	0.438965	
2.9896E-5	0.694702	
2.9904E-5	0.532104	
2.9912E-5	0.647705	
2.992E-5	0.532715	
2.9928E-5	0.626587	
2.9936E-5	0.567139	
2.9944E-5	0.679321	
2.9952E-5	0.567139	
2.996E-5	0.737793	
2.9968E-5	0.785522	
2.9976E-5	0.685669	
2.9984E-5	0.712036	
2.9992E-5	0.740112	
3E-5	0.489502	
3.0008E-5	0.614502	
3.0016E-5	0.479126	
3.0024E-5	0.453003	
3.0032E-5	0.541016	
3.004E-5	0.677246	
3.0048E-5	0.793335	
3.0056E-5	0.594116	
3.0064E-5	0.565063	
3.0072E-5	0.476074	
3.008E-5	0.528931	
3.0088E-5	0.767578	
3.0096E-5	0.777344	
3.0104E-5	0.73877	
3.0112E-5	0.598877	
3.012E-5	0.675537	
3.0128E-5	0.439575	
3.0136E-5	0.795898	
3.0144E-5	0.637817	
3.0152E-5	0.558716	
3.016E-5	0.690674	
3.0168E-5	0.747681	
3.0176E-5	0.4646	
3.0184E-5	0.670044	
3.0192E-5	0.531372	
3.02E-5	0.51001	
3.0208E-5	0.521729	
3.0216E-5	0.546997	
3.0224E-5	0.638184	
3.0232E-5	0.515503	
3.024E-5	0.511719	
3.0248E-5	0.606934	
3.0256E-5	0.677124	
3.0264E-5	0.787109	
3.0272E-5	0.795288	
3.028E-5	0.73999	
3.0288E-5	0.768311	
3.0296E-5	0.795166	
3.0304E-5	0.674927	
3.0312E-5	0.785522	
3.032E-5	0.475098	
3.0328E-5	0.767456	
3.0336E-5	0.606201	
3.0344E-5	0.794434	
3.0352E-5	0.604004	
3.036E-5	0.642944	
3.0368E-5	0.713257	
3.0376E-5	0.526733	
3.0384E-5	0.535522	
3.0392E-5	0.53772	
3.04E-5	0.625854	
3.0408E-5	0.717773	
3.0416E-5	0.735596	
3.0424E-5	0.57251	
3.0432E-5	0.702026	
3.044E-5	0.60022	
3.0448E-5	0.677124	
3.0456E-5	0.455688	
3.0464E-5	0.431763	
3.0472E-5	0.69397	
3.048E-5	0.602173	
3.0488E-5	0.500366	
3.0496E-5	0.727051	
3.0504E-5	0.694702	
3.0512E-5	0.467163	
3.052E-5	0.605347	
3.0528E-5	0.738281	
3.0536E-5	0.525757	
3.0544E-5	0.567871	
3.0552E-5	0.518921	
3.056E-5	0.630981	
3.0568E-5	0.583008	
3.0576E-5	0.419312	
3.0584E-5	0.753418	
3.0592E-5	0.442871	
3.06E-5	0.445068	
3.0608E-5	0.511475	
3.0616E-5	0.578857	
3.0624E-5	0.532227	
3.0632E-5	0.454712	
3.064E-5	0.387207	
3.0648E-5	0.398682	
3.0656E-5	0.434204	
3.0664E-5	0.42041	
3.0672E-5	0.45752	
3.068E-5	0.364502	
3.0688E-5	0.608276	
3.0696E-5	0.437866	
3.0704E-5	0.409058	
3.0712E-5	0.453247	
3.072E-5	0.696533	
3.0728E-5	0.453613	
3.0736E-5	0.710205	
3.0744E-5	0.357178	
3.0752E-5	0.550293	
3.076E-5	0.413696	
3.0768E-5	0.644531	
3.0776E-5	0.542969	
3.0784E-5	0.384033	
3.0792E-5	0.46106	
3.08E-5	0.659668	
3.0808E-5	0.392822	
3.0816E-5	0.505981	
3.0824E-5	0.525146	
3.0832E-5	0.400269	
3.084E-5	0.53833	
3.0848E-5	0.589844	
3.0856E-5	0.487671	
3.0864E-5	0.439941	
3.0872E-5	0.646118	
3.088E-5	0.576904	
3.0888E-5	0.480713	
3.0896E-5	0.351562	
3.0904E-5	0.356567	
3.0912E-5	0.374146	
3.092E-5	0.40918	
3.0928E-5	0.558594	
3.0936E-5	0.404541	
3.0944E-5	0.308228	
3.0952E-5	0.293335	
3.096E-5	0.495728	
3.0968E-5	0.581543	
3.0976E-5	0.320801	
3.0984E-5	0.384766	
3.0992E-5	0.607544	
3.1E-5	0.375977	
3.1008E-5	0.508545	
3.1016E-5	0.57019	
3.1024E-5	0.57373	
3.1032E-5	0.253052	
3.104E-5	0.471191	
3.1048E-5	0.437012	
3.1056E-5	0.405762	
3.1064E-5	0.610352	
3.1072E-5	0.521118	
3.108E-5	0.473267	
3.1088E-5	0.272583	
3.1096E-5	0.346558	
3.1104E-5	0.572021	
3.1112E-5	0.349731	
3.112E-5	0.277588	
3.1128E-5	0.414551	
3.1136E-5	0.426636	
3.1144E-5	0.508057	
3.1152E-5	0.455078	
3.116E-5	0.315552	
3.1168E-5	0.295532	
3.1176E-5	0.275879	
3.1184E-5	0.379639	
3.1192E-5	0.239258	
3.12E-5	0.299194	
3.1208E-5	0.353638	
3.1216E-5	0.444214	
3.1224E-5	0.287842	
3.1232E-5	0.275146	
3.124E-5	0.486328	
3.1248E-5	0.250854	
3.1256E-5	0.336792	
3.1264E-5	0.191284	
3.1272E-5	0.357666	
3.128E-5	0.397949	
3.1288E-5	0.452148	
3.1296E-5	0.156372	
3.1304E-5	0.307373	
3.1312E-5	0.443604	
3.132E-5	0.274902	
3.1328E-5	0.138306	
3.1336E-5	0.367676	
3.1344E-5	0.502686	
3.1352E-5	0.157959	
3.136E-5	0.383301	
3.1368E-5	0.390137	
3.1376E-5	0.256592	
3.1384E-5	0.418213	
3.1392E-5	0.24585	
3.14E-5	0.335571	
3.1408E-5	0.415405	
3.1416E-5	0.119385	
3.1424E-5	0.333862	
3.1432E-5	0.348267	
3.144E-5	0.161621	
3.1448E-5	0.203613	
3.1456E-5	0.345825	
3.1464E-5	0.128662	
3.1472E-5	0.375732	
3.148E-5	0.26416	
3.1488E-5	0.144775	
3.1496E-5	0.161499	
3.1504E-5	0.315918	
3.1512E-5	0.234375	
3.152E-5	0.125244	
3.1528E-5	0.367432	
3.1536E-5	0.3302	
3.1544E-5	0.304443	
3.1552E-5	0.370239	
3.156E-5	0.314697	
3.1568E-5	0.0543213	
3.1576E-5	0.0109863	
3.1584E-5	0.347412	
3.1592E-5	0.233154	
3.16E-5	0.308472	
3.1608E-5	0.0699463	
3.1616E-5	0.12439	
3.1624E-5	0.00439453	
3.1632E-5	0.182617	
3.164E-5	0.290894	
3.1648E-5	0.000854492	
3.1656E-5	0.0209961	
3.1664E-5	-0.00561523	
3.1672E-5	0.291748	
3.168E-5	0.175049	
3.1688E-5	0.179443	
3.1696E-5	0.290649	
3.1704E-5	0.290649	
3.1712E-5	0.20813	
3.172E-5	-0.0465088	
3.1728E-5	0.284546	
3.1736E-5	0.202515	
3.1744E-5	-0.0169678	
3.1752E-5	0.115356	
3.176E-5	-0.0550537	
3.1768E-5	0.264404	
3.1776E-5	-0.0754395	
3.1784E-5	-0.059082	
3.1792E-5	0.251831	
3.18E-5	0.0222168	
3.1808E-5	0.09021	
3.1816E-5	-0.0966797	
3.1824E-5	0.163086	
3.1832E-5	0.109741	
3.184E-5	-0.114136	
3.1848E-5	0.154663	
3.1856E-5	-0.100708	
3.1864E-5	-0.0740967	
3.1872E-5	-0.0078125	
3.188E-5	-0.107544	
3.1888E-5	0.206909	
3.1896E-5	-0.119873	
3.1904E-5	-0.137329	
3.1912E-5	-0.103516	
3.192E-5	0.138306	
3.1928E-5	0.187988	
3.1936E-5	0.150879	
3.1944E-5	0.078125	
3.1952E-5	0.177612	
3.196E-5	0.140137	
3.1968E-5	0.0358887	
3.1976E-5	-0.131226	
3.1984E-5	0.0269775	
3.1992E-5	-0.0792236	
3.2E-5	-0.060791	
3.2008E-5	0.10083	
3.2016E-5	0.101074	
3.2024E-5	0.115112	
3.2032E-5	0.128052	
3.204E-5	-0.170166	
3.2048E-5	0.109253	
3.2056E-5	-0.238525	
3.2064E-5	0.0877686	
3.2072E-5	0.0214844	
3.208E-5	-0.0155029	
3.2088E-5	-0.244141	
3.2096E-5	-0.25293	
3.2104E-5	-0.0620117	
3.2112E-5	0.0825195	
3.212E-5	0.0909424	
3.2128E-5	-0.0926514	
3.2136E-5	-0.198364	
3.2144E-5	0.0633545	
3.2152E-5	-0.00439453	
3.216E-5	-0.169189	
3.2168E-5	-0.205566	
3.2176E-5	-0.0227051	
3.2184E-5	-0.175171	
3.2192E-5	-0.234009	
3.22E-5	-0.0700684	
3.2208E-5	-0.244873	
3.2216E-5	-0.206909	
3.2224E-5	-0.0206299	
3.2232E-5	-0.0100098	
3.224E-5	-0.302856	
3.2248E-5	-0.264526	
3.2256E-5	-0.0997314	
3.2264E-5	-0.338013	
3.2272E-5	-0.161621	
3.228E-5	-0.331177	
3.2288E-5	-0.026123	
3.2296E-5	-0.104858	
3.2304E-5	-0.107544	
3.2312E-5	-0.0230713	
3.232E-5	-0.0811768	
3.2328E-5	-0.286377	
3.2336E-5	-0.0146484	
3.2344E-5	-0.327148	
3.2352E-5	-0.195435	
3.236E-5	-0.169678	
3.2368E-5	-0.317261	
3.2376E-5	-0.104614	
3.2384E-5	-0.106934	
3.2392E-5	-0.363647	
3.24E-5	-0.190796	
3.2408E-5	-0.204102	
3.2416E-5	-0.302368	
3.2424E-5	-0.182373	
3.2432E-5	-0.196655	
3.244E-5	-0.0845947	
3.2448E-5	-0.433716	
3.2456E-5	-0.372192	
3.2464E-5	-0.147583	
3.2472E-5	-0.280273	
3.248E-5	-0.172729	
3.2488E-5	-0.237061	
3.2496E-5	-0.368652	
3.2504E-5	-0.285522	
3.2512E-5	-0.162476	
3.252E-5	-0.360229	
3.2528E-5	-0.317993	
3.2536E-5	-0.216187	
3.2544E-5	-0.336304	
3.2552E-5	-0.466919	
3.256E-5	-0.351685	
3.2568E-5	-0.425049	
3.2576E-5	-0.217773	
3.2584E-5	-0.484985	
3.2592E-5	-0.343018	
3.26E-5	-0.14856	
3.2608E-5	-0.429077	
3.2616E-5	-0.230103	
3.2624E-5	-0.378662	
3.2632E-5	-0.436401	
3.264E-5	-0.305054	
3.2648E-5	-0.519287	
3.2656E-5	-0.525269	
3.2664E-5	-0.2229	
3.2672E-5	-0.528198	
3.268E-5	-0.417603	
3.2688E-5	-0.403931	
3.2696E-5	-0.390991	
3.2704E-5	-0.383789	
3.2712E-5	-0.210449	
3.272E-5	-0.431152	
3.2728E-5	-0.362549	
3.2736E-5	-0.250854	
3.2744E-5	-0.548096	
3.2752E-5	-0.341675	
3.276E-5	-0.332153	
3.2768E-5	-0.545166	
3.2776E-5	-0.458984	
3.2784E-5	-0.278564	
3.2792E-5	-0.33728	
3.28E-5	-0.441772	
3.2808E-5	-0.471558	
3.2816E-5	-0.523926	
3.2824E-5	-0.359497	
3.2832E-5	-0.553101	
3.284E-5	-0.442383	
3.2848E-5	-0.593994	
3.2856E-5	-0.427612	
3.2864E-5	-0.325195	
3.2872E-5	-0.578979	
3.288E-5	-0.445068	
3.2888E-5	-0.557129	
3.2896E-5	-0.466064	
3.2904E-5	-0.414795	
3.2912E-5	-0.581055	
3.292E-5	-0.465332	
3.2928E-5	-0.284546	
3.2936E-5	-0.646729	
3.2944E-5	-0.616943	
3.2952E-5	-0.506836	
3.296E-5	-0.460815	
3.2968E-5	-0.491577	
3.2976E-5	-0.352905	
3.2984E-5	-0.309448	
3.2992E-5	-0.468628	
3.3E-5	-0.597778	
3.3008E-5	-0.525269	
3.3016E-5	-0.477905	
3.3024E-5	-0.317261	
3.3032E-5	-0.571777	
3.304E-5	-0.36731	
3.3048E-5	-0.52478	
3.3056E-5	-0.516724	
3.3064E-5	-0.579346	
3.3072E-5	-0.480225	
3.308E-5	-0.68103	
3.3088E-5	-0.689331	
3.3096E-5	-0.401978	
3.3104E-5	-0.621948	
3.3112E-5	-0.350952	
3.312E-5	-0.36084	
3.3128E-5	-0.374146	
3.3136E-5	-0.592407	
3.3144E-5	-0.390259	
3.3152E-5	-0.63208	
3.316E-5	-0.382202	
3.3168E-5	-0.418701	
3.3176E-5	-0.378906	
3.3184E-5	-0.681396	
3.3192E-5	-0.367065	
3.32E-5	-0.363647	
3.3208E-5	-0.668579	
3.3216E-5	-0.393921	
3.3224E-5	-0.627808	
3.3232E-5	-0.516113	
3.324E-5	-0.712891	
3.3248E-5	-0.649902	
3.3256E-5	-0.717163	
3.3264E-5	-0.623169	
3.3272E-5	-0.658813	
3.328E-5	-0.706421	
3.3288E-5	-0.487671	
3.3296E-5	-0.559692	
3.3304E-5	-0.411011	
3.3312E-5	-0.543335	
3.332E-5	-0.614136	
3.3328E-5	-0.76001	
3.3336E-5	-0.446289	
3.3344E-5	-0.663452	
3.3352E-5	-0.646851	
3.336E-5	-0.485718	
3.3368E-5	-0.585815	
3.3376E-5	-0.648437	
3.3384E-5	-0.564819	
3.3392E-5	-0.694946	
3.34E-5	-0.467407	
3.3408E-5	-0.778809	
3.3416E-5	-0.578247	
3.3424E-5	-0.519409	
3.3432E-5	-0.696533	
3.344E-5	-0.776855	
3.3448E-5	-0.662964	
3.3456E-5	-0.658325	
3.3464E-5	-0.429565	
3.3472E-5	-0.744751	
3.348E-5	-0.4552	
3.3488E-5	-0.629761	
3.3496E-5	-0.634766	
3.3504E-5	-0.604492	
3.3512E-5	-0.787231	
3.352E-5	-0.456787	
3.3528E-5	-0.695923	
3.3536E-5	-0.587891	
3.3544E-5	-0.549561	
3.3552E-5	-0.518799	
3.356E-5	-0.50415	
3.3568E-5	-0.702148	
3.3576E-5	-0.505615	
3.3584E-5	-0.740356	
3.3592E-5	-0.628784	
3.36E-5	-0.629761	
3.3608E-5	-0.712036	
3.3616E-5	-0.486084	
3.3624E-5	-0.652954	
3.3632E-5	-0.528564	
3.364E-5	-0.521973	
3.3648E-5	-0.734131	
3.3656E-5	-0.455688	
3.3664E-5	-0.754028	
3.3672E-5	-0.620483	
3.368E-5	-0.645996	
3.3688E-5	-0.803833	
3.3696E-5	-0.539062	
3.3704E-5	-0.494873	
3.3712E-5	-0.550049	
3.372E-5	-0.513916	
3.3728E-5	-0.672363	
3.3736E-5	-0.530151	
3.3744E-5	-0.650513	
3.3752E-5	-0.59314	
3.376E-5	-0.532715	
3.3768E-5	-0.613525	
3.3776E-5	-0.74231	
3.3784E-5	-0.674561	
3.3792E-5	-0.607178	
3.38E-5	-0.58667	
3.3808E-5	-0.685425	
3.3816E-5	-0.756714	
3.3824E-5	-0.591919	
3.3832E-5	-0.670654	
3.384E-5	-0.498047	
3.3848E-5	-0.783447	
3.3856E-5	-0.814575	
3.3864E-5	-0.540283	
3.3872E-5	-0.766846	
3.388E-5	-0.78833	
3.3888E-5	-0.470581	
3.3896E-5	-0.676392	
3.3904E-5	-0.468384	
3.3912E-5	-0.647827	
3.392E-5	-0.699097	
3.3928E-5	-0.704956	
3.3936E-5	-0.614624	
3.3944E-5	-0.622437	
3.3952E-5	-0.510376	
3.396E-5	-0.809326	
3.3968E-5	-0.557007	
3.3976E-5	-0.612183	
3.3984E-5	-0.546387	
3.3992E-5	-0.716553	
3.4E-5	-0.747681	
3.4008E-5	-0.7229	
3.4016E-5	-0.621338	
3.4024E-5	-0.67981	
3.4032E-5	-0.464355	
3.404E-5	-0.536621	
3.4048E-5	-0.57959	
3.4056E-5	-0.607178	
3.4064E-5	-0.797974	
3.4072E-5	-0.506958	
3.408E-5	-0.743164	
3.4088E-5	-0.525757	
3.4096E-5	-0.783813	
3.4104E-5	-0.543335	
3.4112E-5	-0.775635	
3.412E-5	-0.462646	
3.4128E-5	-0.590088	
3.4136E-5	-0.437744	
3.4144E-5	-0.562988	
3.4152E-5	-0.625732	
3.416E-5	-0.525757	
3.4168E-5	-0.47876	
3.4176E-5	-0.639038	
3.4184E-5	-0.497559	
3.4192E-5	-0.642456	
3.42E-5	-0.613892	
3.4208E-5	-0.661621	
3.4216E-5	-0.418579	
3.4224E-5	-0.75769	
3.4232E-5	-0.473633	
3.424E-5	-0.434937	
3.4248E-5	-0.514038	
3.4256E-5	-0.5625	
3.4264E-5	-0.744629	
3.4272E-5	-0.667236	
3.428E-5	-0.637939	
3.4288E-5	-0.603638	
3.4296E-5	-0.49939	
3.4304E-5	-0.580444	
3.4312E-5	-0.473389	
3.432E-5	-0.636719	
3.4328E-5	-0.387817	
3.4336E-5	-0.756104	
3.4344E-5	-0.706177	
3.4352E-5	-0.458008	
3.436E-5	-0.696045	
3.4368E-5	-0.564331	
3.4376E-5	-0.441406	
3.4384E-5	-0.572632	
3.4392E-5	-0.535156	
3.44E-5	-0.524902	
3.4408E-5	-0.642944	
3.4416E-5	-0.57019	
3.4424E-5	-0.370483	
3.4432E-5	-0.52002	
3.444E-5	-0.602295	
3.4448E-5	-0.63623	
3.4456E-5	-0.641479	
3.4464E-5	-0.402222	
3.4472E-5	-0.484131	
3.448E-5	-0.452759	
3.4488E-5	-0.641724	
3.4496E-5	-0.528687	
3.4504E-5	-0.554687	
3.4512E-5	-0.365967	
3.452E-5	-0.358765	
3.4528E-5	-0.477051	
3.4536E-5	-0.446533	
3.4544E-5	-0.408325	
3.4552E-5	-0.637329	
3.456E-5	-0.595703	
3.4568E-5	-0.609985	
3.4576E-5	-0.40686	
3.4584E-5	-0.438721	
3.4592E-5	-0.41394	
3.46E-5	-0.470215	
3.4608E-5	-0.552979	
3.4616E-5	-0.63269	
3.4624E-5	-0.6604	
3.4632E-5	-0.486206	
3.464E-5	-0.422607	
3.4648E-5	-0.483398	
3.4656E-5	-0.431641	
3.4664E-5	-0.554932	
3.4672E-5	-0.378052	
3.468E-5	-0.621704	
3.4688E-5	-0.559082	
3.4696E-5	-0.337402	
3.4704E-5	-0.528809	
3.4712E-5	-0.36084	
3.472E-5	-0.435913	
3.4728E-5	-0.420654	
3.4736E-5	-0.363403	
3.4744E-5	-0.260864	
3.4752E-5	-0.322144	
3.476E-5	-0.376587	
3.4768E-5	-0.258911	
3.4776E-5	-0.35498	
3.4784E-5	-0.598389	
3.4792E-5	-0.365967	
3.48E-5	-0.39563	
3.4808E-5	-0.550049	
3.4816E-5	-0.506104	
3.4824E-5	-0.540161	
3.4832E-5	-0.338501	
3.484E-5	-0.489868	
3.4848E-5	-0.415894	
3.4856E-5	-0.324829	
3.4864E-5	-0.560181	
3.4872E-5	-0.541504	
3.488E-5	-0.5354	
3.4888E-5	-0.224121	
3.4896E-5	-0.460693	
3.4904E-5	-0.406616	
3.4912E-5	-0.355591	
3.492E-5	-0.489502	
3.4928E-5	-0.249756	
3.4936E-5	-0.299561	
3.4944E-5	-0.487915	
3.4952E-5	-0.354614	
3.496E-5	-0.299316	
3.4968E-5	-0.327271	
3.4976E-5	-0.169067	
3.4984E-5	-0.492676	
3.4992E-5	-0.431519	
3.5E-5	-0.389282	
3.5008E-5	-0.177856	
3.5016E-5	-0.28125	
3.5024E-5	-0.219116	
3.5032E-5	-0.376831	
3.504E-5	-0.452637	
3.5048E-5	-0.198242	
3.5056E-5	-0.458252	
3.5064E-5	-0.446899	
3.5072E-5	-0.472778	
3.508E-5	-0.357178	
3.5088E-5	-0.34082	
3.5096E-5	-0.149048	
3.5104E-5	-0.153076	
3.5112E-5	-0.12085	
3.512E-5	-0.289551	
3.5128E-5	-0.294922	
3.5136E-5	-0.109009	
3.5144E-5	-0.43103	
3.5152E-5	-0.121704	
3.516E-5	-0.387695	
3.5168E-5	-0.378052	
3.5176E-5	-0.118408	
3.5184E-5	-0.239136	
3.5192E-5	-0.216919	
3.52E-5	-0.330688	
3.5208E-5	-0.381958	
3.5216E-5	-0.348999	
3.5224E-5	-0.143799	
3.5232E-5	-0.294189	
3.524E-5	-0.346191	
3.5248E-5	-0.155518	
3.5256E-5	-0.289307	
3.5264E-5	-0.150757	
3.5272E-5	-0.214478	
3.528E-5	-0.0633545	
3.5288E-5	-0.0330811	
3.5296E-5	-0.194214	
3.5304E-5	-0.0515137	
3.5312E-5	-0.252075	
3.532E-5	-0.0472412	
3.5328E-5	-0.183472	
3.5336E-5	0.017334	
3.5344E-5	0.0130615	
3.5352E-5	-0.303101	
3.536E-5	-0.336548	
3.5368E-5	-0.204102	
3.5376E-5	-0.259766	
3.5384E-5	-0.228882	
3.5392E-5	-0.153931	
3.54E-5	-0.0457764	
3.5408E-5	-0.171631	
3.5416E-5	-0.140381	
3.5424E-5	-0.174561	
3.5432E-5	-0.168945	
3.544E-5	-0.172852	
3.5448E-5	0.0673828	
3.5456E-5	-0.00793457	
3.5464E-5	0.0187988	
3.5472E-5	0.0163574	
3.548E-5	0.0700684	
3.5488E-5	-0.199463	
3.5496E-5	-0.0869141	
3.5504E-5	-0.11377	
3.5512E-5	-0.0323486	
3.552E-5	-0.0162354	
3.5528E-5	-0.142334	
3.5536E-5	-0.214966	
3.5544E-5	-0.0356445	
3.5552E-5	0.0129395	
3.556E-5	0.0429687	
3.5568E-5	0.0513916	
3.5576E-5	-0.0734863	
3.5584E-5	0.0166016	
3.5592E-5	0.0718994	
3.56E-5	-0.0273437	
3.5608E-5	-0.13916	
3.5616E-5	0.0323486	
3.5624E-5	0.092041	
3.5632E-5	-0.170776	
3.564E-5	0.0330811	
3.5648E-5	-0.0117187	
3.5656E-5	0.126831	
3.5664E-5	-0.128784	
3.5672E-5	-0.0587158	
3.568E-5	0.179077	
3.5688E-5	-0.162598	
3.5696E-5	-0.000488281	
3.5704E-5	-0.0123291	
3.5712E-5	-0.0936279	
3.572E-5	-0.046875	
3.5728E-5	-0.0704346	
3.5736E-5	0.0119629	
3.5744E-5	0.165161	
3.5752E-5	0.0477295	
3.576E-5	-0.0930176	
3.5768E-5	0.245972	
3.5776E-5	-0.0209961	
3.5784E-5	-0.0478516	
3.5792E-5	0.168457	
3.58E-5	0.0705566	
3.5808E-5	0.0179443	
3.5816E-5	0.130859	
3.5824E-5	0.155396	
3.5832E-5	-0.0045166	
3.584E-5	0.269409	
3.5848E-5	0.216675	
3.5856E-5	0.26355	
3.5864E-5	0.263672	
3.5872E-5	0.265381	
3.588E-5	0.200684	
3.5888E-5	-0.0578613	
3.5896E-5	0.0334473	
3.5904E-5	0.115967	
3.5912E-5	-0.00134277	
3.592E-5	0.264648	
3.5928E-5	0.2229	
3.5936E-5	0.257935	
3.5944E-5	0.0736084	
3.5952E-5	0.194702	
3.596E-5	0.218384	
3.5968E-5	0.0786133	
3.5976E-5	0.203125	
3.5984E-5	0.00646973	
3.5992E-5	-0.0020752	