Time - Plot 0	Amplitude - Plot 0	
0	-0.802246	
8E-9	-0.979736	
1.6E-8	-0.900024	
2.4E-8	-0.868896	
3.2E-8	-0.8927	
4E-8	-0.999146	
4.8E-8	-0.998169	
5.6E-8	-1	
6.4E-8	-1	
7.2E-8	-1	
8E-8	-1	
8.8E-8	-0.999878	
9.6E-8	-0.999878	
1.04E-7	-0.839355	
1.12E-7	-0.796997	
1.2E-7	-0.860718	
1.28E-7	-1	
1.36E-7	-1	
1.44E-7	-0.952759	
1.52E-7	-0.915039	
1.6E-7	-0.929199	
1.68E-7	-0.846069	
1.76E-7	-0.811646	
1.84E-7	-1	
1.92E-7	-0.930664	
2E-7	-1	
2.08E-7	-0.961914	
2.16E-7	-1	
2.24E-7	-0.944702	
2.32E-7	-0.820801	
2.4E-7	-1	
2.48E-7	-0.999878	
2.56E-7	-0.802856	
2.64E-7	-0.981201	
2.72E-7	-1	
2.8E-7	-0.856934	
2.88E-7	-1	
2.96E-7	-0.987915	
3.04E-7	-0.77832	
3.12E-7	-0.913208	
3.2E-7	-1	
3.28E-7	-0.960693	
3.36E-7	-1	
3.44E-7	-0.975708	
3.52E-7	-0.878296	
3.6E-7	-1	
3.68E-7	-1	
3.76E-7	-0.974365	
3.84E-7	-1	
3.92E-7	-0.949707	
4E-7	-0.960937	
4.08E-7	-1	
4.16E-7	-0.888672	
4.24E-7	-0.882812	
4.32E-7	-0.800903	
4.4E-7	-0.841431	
4.48E-7	-0.909424	
4.56E-7	-0.879395	
4.64E-7	-1	
4.72E-7	-0.832886	
4.8E-7	-0.809937	
4.88E-7	0.999878	
4.96E-7	0.999878	
5.04E-7	0.999878	
5.12E-7	0.958008	
5.2E-7	0.939941	
5.28E-7	0.911987	
5.36E-7	0.773437	
5.44E-7	0.945801	
5.52E-7	0.879395	
5.6E-7	0.817139	
5.68E-7	0.999878	
5.76E-7	0.999878	
5.84E-7	0.765869	
5.92E-7	0.868896	
6E-7	0.999878	
6.08E-7	0.999756	
6.16E-7	0.999878	
6.24E-7	0.999878	
6.32E-7	0.99585	
6.4E-7	0.979126	
6.48E-7	0.996826	
6.56E-7	0.949829	
6.64E-7	0.986694	
6.72E-7	0.836914	
6.8E-7	0.882935	
6.88E-7	0.794434	
6.96E-7	0.881592	
7.04E-7	0.999878	
7.12E-7	0.894897	
7.2E-7	0.999878	
7.28E-7	0.999878	
7.36E-7	0.999878	
7.44E-7	0.999878	
7.52E-7	0.999878	
7.6E-7	0.993042	
7.68E-7	0.999023	
7.76E-7	0.969116	
7.84E-7	0.933472	
7.92E-7	0.939331	
8E-7	0.953247	
8.08E-7	0.8302	
8.16E-7	0.999878	
8.24E-7	0.867676	
8.32E-7	0.943604	
8.4E-7	0.94873	
8.48E-7	0.979614	
8.56E-7	0.999878	
8.64E-7	0.784668	
8.72E-7	0.87207	
8.8E-7	0.872925	
8.88E-7	0.814941	
8.96E-7	0.999878	
9.04E-7	0.831421	
9.12E-7	0.999878	
9.2E-7	0.999878	
9.28E-7	0.999756	
9.36E-7	0.999878	
9.44E-7	0.934204	
9.52E-7	0.902588	
9.6E-7	0.999878	
9.68E-7	0.78186	
9.76E-7	0.923462	
9.84E-7	0.884033	
9.92E-7	0.921875	
1E-6	0.880615	
1.008E-6	0.805542	
1.016E-6	0.894653	
1.024E-6	0.894043	
1.032E-6	0.999878	
1.04E-6	0.903931	
1.048E-6	0.999878	
1.056E-6	0.999878	
1.064E-6	0.999878	
1.072E-6	0.999878	
1.08E-6	0.831909	
1.088E-6	0.850464	
1.096E-6	0.968872	
1.104E-6	0.811035	
1.112E-6	0.910767	
1.12E-6	0.794556	
1.128E-6	0.825195	
1.136E-6	0.999878	
1.144E-6	0.994629	
1.152E-6	0.999878	
1.16E-6	0.884644	
1.168E-6	0.999878	
1.176E-6	0.999878	
1.184E-6	0.937256	
1.192E-6	0.999878	
1.2E-6	0.999878	
1.208E-6	0.999878	
1.216E-6	0.831055	
1.224E-6	0.959839	
1.232E-6	0.997559	
1.24E-6	0.922241	
1.248E-6	0.89978	
1.256E-6	0.994019	
1.264E-6	0.774048	
1.272E-6	0.789551	
1.28E-6	0.846436	
1.288E-6	0.999878	
1.296E-6	0.999878	
1.304E-6	0.805054	
1.312E-6	0.778564	
1.32E-6	0.999878	
1.328E-6	0.999878	
1.336E-6	0.848511	
1.344E-6	0.999878	
1.352E-6	0.971802	
1.36E-6	0.999878	
1.368E-6	0.999756	
1.376E-6	0.865356	
1.384E-6	0.794678	
1.392E-6	0.794556	
1.4E-6	0.85376	
1.408E-6	0.984863	
1.416E-6	0.91748	
1.424E-6	0.999878	
1.432E-6	0.999756	
1.44E-6	0.849731	
1.448E-6	0.962158	
1.456E-6	0.999878	
1.464E-6	0.909424	
1.472E-6	0.927002	
1.48E-6	0.879883	
1.488E-6	0.864258	
1.496E-6	0.999878	
1.504E-6	-0.835693	
1.512E-6	-0.845703	
1.52E-6	-1	
1.528E-6	-0.935791	
1.536E-6	-1	
1.544E-6	-0.988892	
1.552E-6	-0.826172	
1.56E-6	-0.886719	
1.568E-6	-0.900146	
1.576E-6	-0.866699	
1.584E-6	-1	
1.592E-6	-0.999878	
1.6E-6	-1	
1.608E-6	-0.904541	
1.616E-6	-1	
1.624E-6	-0.808594	
1.632E-6	-0.80896	
1.64E-6	-0.902344	
1.648E-6	-1	
1.656E-6	-0.817017	
1.664E-6	-1	
1.672E-6	-1	
1.68E-6	-0.904297	
1.688E-6	-1	
1.696E-6	-1	
1.704E-6	-0.90625	
1.712E-6	-1	
1.72E-6	-1	
1.728E-6	-0.999878	
1.736E-6	-0.899658	
1.744E-6	-1	
1.752E-6	-0.795288	
1.76E-6	-0.936401	
1.768E-6	-0.911621	
1.776E-6	-0.791504	
1.784E-6	-1	
1.792E-6	-0.999878	
1.8E-6	-0.966064	
1.808E-6	-1	
1.816E-6	-1	
1.824E-6	-1	
1.832E-6	-1	
1.84E-6	-1	
1.848E-6	-0.793701	
1.856E-6	-0.999878	
1.864E-6	-0.871948	
1.872E-6	-0.871704	
1.88E-6	-0.954102	
1.888E-6	-1	
1.896E-6	-0.949707	
1.904E-6	-0.99939	
1.912E-6	-1	
1.92E-6	-1	
1.928E-6	-1	
1.936E-6	-0.800781	
1.944E-6	-1	
1.952E-6	-0.8302	
1.96E-6	-1	
1.968E-6	-0.953125	
1.976E-6	-0.812988	
1.984E-6	-1	
1.992E-6	-0.910767	
2E-6	-0.812012	
2.008E-6	-0.782349	
2.016E-6	-1	
2.024E-6	-1	
2.032E-6	-0.944092	
2.04E-6	-1	
2.048E-6	-0.891968	
2.056E-6	-1	
2.064E-6	-1	
2.072E-6	-0.802368	
2.08E-6	-0.928467	
2.088E-6	-1	
2.096E-6	-1	
2.104E-6	-0.940918	
2.112E-6	-0.781128	
2.12E-6	-0.954346	
2.128E-6	-0.965942	
2.136E-6	-1	
2.144E-6	-1	
2.152E-6	-1	
2.16E-6	-0.828979	
2.168E-6	-0.852539	
2.176E-6	-0.817139	
2.184E-6	-1	
2.192E-6	-0.999878	
2.2E-6	-1	
2.208E-6	-1	
2.216E-6	-0.991211	
2.224E-6	-0.786621	
2.232E-6	-1	
2.24E-6	-0.985352	
2.248E-6	-1	
2.256E-6	-1	
2.264E-6	-0.813232	
2.272E-6	-1	
2.28E-6	-1	
2.288E-6	-0.791748	
2.296E-6	-0.811401	
2.304E-6	-0.861328	
2.312E-6	-0.905762	
2.32E-6	-0.999878	
2.328E-6	-1	
2.336E-6	-0.980835	
2.344E-6	-0.924927	
2.352E-6	-0.884399	
2.36E-6	-1	
2.368E-6	-1	
2.376E-6	-1	
2.384E-6	-1	
2.392E-6	-0.907227	
2.4E-6	-0.983032	
2.408E-6	-0.83252	
2.416E-6	-1	
2.424E-6	-0.788696	
2.432E-6	-0.837402	
2.44E-6	-1	
2.448E-6	-0.909912	
2.456E-6	-0.928345	
2.464E-6	-0.97522	
2.472E-6	-1	
2.48E-6	-0.793701	
2.488E-6	-1	
2.496E-6	-1	
2.504E-6	-0.993652	
2.512E-6	-0.894165	
2.52E-6	0.999878	
2.528E-6	0.999878	
2.536E-6	0.999878	
2.544E-6	0.936768	
2.552E-6	0.999878	
2.56E-6	0.921631	
2.568E-6	0.801514	
2.576E-6	0.999878	
2.584E-6	0.93103	
2.592E-6	0.999878	
2.6E-6	0.949951	
2.608E-6	0.889526	
2.616E-6	0.798096	
2.624E-6	0.999756	
2.632E-6	0.979736	
2.64E-6	0.824829	
2.648E-6	0.846558	
2.656E-6	0.848999	
2.664E-6	0.999756	
2.672E-6	0.814453	
2.68E-6	0.999756	
2.688E-6	0.831177	
2.696E-6	0.830933	
2.704E-6	0.89856	
2.712E-6	0.999878	
2.72E-6	0.902588	
2.728E-6	0.764893	
2.736E-6	0.945557	
2.744E-6	0.77356	
2.752E-6	0.887085	
2.76E-6	0.806396	
2.768E-6	0.999878	
2.776E-6	0.999878	
2.784E-6	0.999878	
2.792E-6	0.999756	
2.8E-6	0.999878	
2.808E-6	0.900391	
2.816E-6	0.82312	
2.824E-6	0.999756	
2.832E-6	0.790649	
2.84E-6	0.940918	
2.848E-6	0.999878	
2.856E-6	0.783081	
2.864E-6	0.999878	
2.872E-6	0.999878	
2.88E-6	0.886475	
2.888E-6	0.781128	
2.896E-6	0.999878	
2.904E-6	0.953735	
2.912E-6	0.785156	
2.92E-6	0.943237	
2.928E-6	0.937378	
2.936E-6	0.999756	
2.944E-6	0.887451	
2.952E-6	0.999878	
2.96E-6	0.876831	
2.968E-6	0.799683	
2.976E-6	0.824829	
2.984E-6	0.974487	
2.992E-6	0.876831	
3E-6	0.999756	
3.008E-6	0.999878	
3.016E-6	0.857178	
3.024E-6	0.869385	
3.032E-6	0.999878	
3.04E-6	0.797241	
3.048E-6	0.783936	
3.056E-6	0.806519	
3.064E-6	0.991455	
3.072E-6	0.999878	
3.08E-6	0.877441	
3.088E-6	0.780396	
3.096E-6	0.893433	
3.104E-6	0.78064	
3.112E-6	0.773193	
3.12E-6	0.917358	
3.128E-6	0.999878	
3.136E-6	0.871826	
3.144E-6	0.959595	
3.152E-6	0.999878	
3.16E-6	0.947266	
3.168E-6	0.999878	
3.176E-6	0.792725	
3.184E-6	0.999878	
3.192E-6	0.860229	
3.2E-6	0.999756	
3.208E-6	0.999878	
3.216E-6	0.999756	
3.224E-6	0.999878	
3.232E-6	0.999878	
3.24E-6	0.958008	
3.248E-6	0.999878	
3.256E-6	0.8125	
3.264E-6	0.999878	
3.272E-6	0.999878	
3.28E-6	0.905884	
3.288E-6	0.999878	
3.296E-6	0.999878	
3.304E-6	0.999756	
3.312E-6	0.999878	
3.32E-6	0.774902	
3.328E-6	0.892822	
3.336E-6	0.999878	
3.344E-6	0.999878	
3.352E-6	0.999878	
3.36E-6	0.999878	
3.368E-6	0.999756	
3.376E-6	0.839478	
3.384E-6	0.810669	
3.392E-6	0.999878	
3.4E-6	0.962891	
3.408E-6	0.999878	
3.416E-6	0.979736	
3.424E-6	0.999878	
3.432E-6	0.821533	
3.44E-6	0.863525	
3.448E-6	0.981445	
3.456E-6	0.845093	
3.464E-6	0.999878	
3.472E-6	0.913452	
3.48E-6	0.998779	
3.488E-6	0.887207	
3.496E-6	0.820923	
3.504E-6	0.813843	
3.512E-6	0.883789	
3.52E-6	0.906616	
3.528E-6	0.773804	
3.536E-6	-0.891968	
3.544E-6	-0.999268	
3.552E-6	-0.892334	
3.56E-6	-0.813965	
3.568E-6	-0.80188	
3.576E-6	-0.959106	
3.584E-6	-0.995239	
3.592E-6	-0.828369	
3.6E-6	-0.947144	
3.608E-6	-0.799438	
3.616E-6	-0.888794	
3.624E-6	-0.778442	
3.632E-6	-0.816895	
3.64E-6	-1	
3.648E-6	-1	
3.656E-6	-1	
3.664E-6	-0.854492	
3.672E-6	-0.944946	
3.68E-6	-0.903198	
3.688E-6	-0.972534	
3.696E-6	-0.966675	
3.704E-6	-0.852417	
3.712E-6	-1	
3.72E-6	-0.923828	
3.728E-6	-0.963501	
3.736E-6	-0.82959	
3.744E-6	-1	
3.752E-6	-1	
3.76E-6	-1	
3.768E-6	-0.959229	
3.776E-6	-0.999878	
3.784E-6	-0.88501	
3.792E-6	-1	
3.8E-6	-1	
3.808E-6	-1	
3.816E-6	-1	
3.824E-6	-0.9104	
3.832E-6	-0.940063	
3.84E-6	-0.894897	
3.848E-6	-0.77417	
3.856E-6	-0.807983	
3.864E-6	-1	
3.872E-6	-0.99292	
3.88E-6	-1	
3.888E-6	-0.826904	
3.896E-6	-0.940308	
3.904E-6	-0.949707	
3.912E-6	-0.812378	
3.92E-6	-1	
3.928E-6	-0.939575	
3.936E-6	-0.802246	
3.944E-6	-0.853394	
3.952E-6	-0.879028	
3.96E-6	-0.96521	
3.968E-6	-1	
3.976E-6	-0.923828	
3.984E-6	-0.901001	
3.992E-6	-0.999878	
4E-6	-0.942627	
4.008E-6	-1	
4.016E-6	-1	
4.024E-6	-1	
4.032E-6	-0.780029	
4.04E-6	-0.817871	
4.048E-6	-0.885864	
4.056E-6	-1	
4.064E-6	-0.867676	
4.072E-6	-1	
4.08E-6	-0.942139	
4.088E-6	-0.990845	
4.096E-6	-1	
4.104E-6	-0.818726	
4.112E-6	-0.874146	
4.12E-6	-0.865723	
4.128E-6	-0.873535	
4.136E-6	-0.812256	
4.144E-6	-1	
4.152E-6	-0.796631	
4.16E-6	-1	
4.168E-6	-1	
4.176E-6	-1	
4.184E-6	-1	
4.192E-6	-0.865967	
4.2E-6	-0.809082	
4.208E-6	-1	
4.216E-6	-0.800659	
4.224E-6	-0.918091	
4.232E-6	-1	
4.24E-6	-0.999878	
4.248E-6	-1	
4.256E-6	-0.830078	
4.264E-6	-0.78418	
4.272E-6	-0.839722	
4.28E-6	-1	
4.288E-6	-1	
4.296E-6	-0.973877	
4.304E-6	-1	
4.312E-6	-0.801514	
4.32E-6	-0.896729	
4.328E-6	-0.971191	
4.336E-6	-1	
4.344E-6	-0.813232	
4.352E-6	-0.865356	
4.36E-6	-1	
4.368E-6	-1	
4.376E-6	-0.95166	
4.384E-6	-0.851807	
4.392E-6	-0.863037	
4.4E-6	-1	
4.408E-6	-0.847046	
4.416E-6	-0.812744	
4.424E-6	-0.973999	
4.432E-6	-1	
4.44E-6	-0.973145	
4.448E-6	-1	
4.456E-6	-0.922974	
4.464E-6	-0.791382	
4.472E-6	-1	
4.48E-6	-1	
4.488E-6	-1	
4.496E-6	-1	
4.504E-6	-1	
4.512E-6	-0.884033	
4.52E-6	-0.880859	
4.528E-6	-0.87561	
4.536E-6	-1	
4.544E-6	-0.923218	
4.552E-6	0.78833	
4.56E-6	0.761475	
4.568E-6	0.856689	
4.576E-6	0.761719	
4.584E-6	0.852905	
4.592E-6	0.777222	
4.6E-6	0.927979	
4.608E-6	0.999878	
4.616E-6	0.999878	
4.624E-6	0.935425	
4.632E-6	0.999878	
4.64E-6	0.904419	
4.648E-6	0.97229	
4.656E-6	0.999878	
4.664E-6	0.980835	
4.672E-6	0.791626	
4.68E-6	0.886353	
4.688E-6	0.999878	
4.696E-6	0.999878	
4.704E-6	0.999878	
4.712E-6	0.999878	
4.72E-6	0.878174	
4.728E-6	0.877686	
4.736E-6	0.847534	
4.744E-6	0.801758	
4.752E-6	0.999878	
4.76E-6	0.999878	
4.768E-6	0.93042	
4.776E-6	0.912354	
4.784E-6	0.999878	
4.792E-6	0.767578	
4.8E-6	0.999878	
4.808E-6	0.935181	
4.816E-6	0.89209	
4.824E-6	0.999878	
4.832E-6	0.999878	
4.84E-6	0.998901	
4.848E-6	0.999756	
4.856E-6	0.849121	
4.864E-6	0.918701	
4.872E-6	0.795044	
4.88E-6	0.999878	
4.888E-6	0.899658	
4.896E-6	0.999878	
4.904E-6	0.999878	
4.912E-6	0.877808	
4.92E-6	0.999756	
4.928E-6	0.999878	
4.936E-6	0.999878	
4.944E-6	0.965332	
4.952E-6	0.95752	
4.96E-6	0.97644	
4.968E-6	0.790527	
4.976E-6	0.906128	
4.984E-6	0.999878	
4.992E-6	0.800293	
5E-6	0.844238	
5.008E-6	0.999878	
5.016E-6	0.999878	
5.024E-6	0.999878	
5.032E-6	0.922607	
5.04E-6	0.999878	
5.048E-6	0.776733	
5.056E-6	0.967041	
5.064E-6	0.965942	
5.072E-6	0.859497	
5.08E-6	0.776611	
5.088E-6	0.836914	
5.096E-6	0.999878	
5.104E-6	0.990479	
5.112E-6	0.999878	
5.12E-6	0.830444	
5.128E-6	0.90271	
5.136E-6	0.999878	
5.144E-6	0.999878	
5.152E-6	0.784912	
5.16E-6	0.781738	
5.168E-6	0.999878	
5.176E-6	0.894897	
5.184E-6	0.999878	
5.192E-6	0.999756	
5.2E-6	0.793945	
5.208E-6	0.829346	
5.216E-6	0.999878	
5.224E-6	0.952393	
5.232E-6	0.902832	
5.24E-6	0.999878	
5.248E-6	0.771851	
5.256E-6	0.999878	
5.264E-6	0.999878	
5.272E-6	0.892334	
5.28E-6	0.997559	
5.288E-6	0.999878	
5.296E-6	0.946045	
5.304E-6	0.826904	
5.312E-6	0.999878	
5.32E-6	0.9198	
5.328E-6	0.999878	
5.336E-6	0.816528	
5.344E-6	0.861938	
5.352E-6	0.921875	
5.36E-6	0.896118	
5.368E-6	0.999878	
5.376E-6	0.999878	
5.384E-6	0.94165	
5.392E-6	0.772461	
5.4E-6	0.999756	
5.408E-6	0.975342	
5.416E-6	0.783447	
5.424E-6	0.879761	
5.432E-6	0.999756	
5.44E-6	0.804687	
5.448E-6	0.999878	
5.456E-6	0.990356	
5.464E-6	0.828003	
5.472E-6	0.897705	
5.48E-6	0.999878	
5.488E-6	0.999878	
5.496E-6	0.860352	
5.504E-6	0.999878	
5.512E-6	0.999878	
5.52E-6	0.963501	
5.528E-6	0.999878	
5.536E-6	0.97583	
5.544E-6	0.997681	
5.552E-6	0.85144	
5.56E-6	0.996826	
5.568E-6	-0.961304	
5.576E-6	-0.814941	
5.584E-6	-1	
5.592E-6	-1	
5.6E-6	-1	
5.608E-6	-1	
5.616E-6	-0.893433	
5.624E-6	-1	
5.632E-6	-1	
5.64E-6	-0.99939	
5.648E-6	-0.787964	
5.656E-6	-0.999878	
5.664E-6	-0.988525	
5.672E-6	-0.903931	
5.68E-6	-0.896606	
5.688E-6	-0.936768	
5.696E-6	-0.797974	
5.704E-6	-1	
5.712E-6	-1	
5.72E-6	-0.994385	
5.728E-6	-0.997192	
5.736E-6	-1	
5.744E-6	-0.835937	
5.752E-6	-0.966919	
5.76E-6	-1	
5.768E-6	-0.972412	
5.776E-6	-1	
5.784E-6	-1	
5.792E-6	-1	
5.8E-6	-1	
5.808E-6	-0.943115	
5.816E-6	-0.880005	
5.824E-6	-0.939941	
5.832E-6	-1	
5.84E-6	-1	
5.848E-6	-0.908936	
5.856E-6	-0.924194	
5.864E-6	-0.868896	
5.872E-6	-0.960327	
5.88E-6	-0.846191	
5.888E-6	-1	
5.896E-6	-1	
5.904E-6	-1	
5.912E-6	-1	
5.92E-6	-0.999878	
5.928E-6	-1	
5.936E-6	-1	
5.944E-6	-0.98999	
5.952E-6	-0.875	
5.96E-6	-1	
5.968E-6	-0.931396	
5.976E-6	-1	
5.984E-6	-0.901733	
5.992E-6	-0.784058	
6E-6	-0.888794	
6.008E-6	-1	
6.016E-6	-0.991577	
6.024E-6	-0.95874	
6.032E-6	-0.853394	
6.04E-6	-0.920776	
6.048E-6	-1	
6.056E-6	-0.838135	
6.064E-6	-0.916748	
6.072E-6	-0.810425	
6.08E-6	-0.799927	
6.088E-6	-1	
6.096E-6	-1	
6.104E-6	-1	
6.112E-6	-0.932129	
6.12E-6	-0.930542	
6.128E-6	-0.784546	
6.136E-6	-0.925659	
6.144E-6	-1	
6.152E-6	-1	
6.16E-6	-0.945312	
6.168E-6	-0.852295	
6.176E-6	-0.98877	
6.184E-6	-0.818237	
6.192E-6	-1	
6.2E-6	-0.846436	
6.208E-6	-0.810669	
6.216E-6	-0.806274	
6.224E-6	-0.979736	
6.232E-6	-1	
6.24E-6	-0.835327	
6.248E-6	-0.960205	
6.256E-6	-1	
6.264E-6	-0.867065	
6.272E-6	-0.954468	
6.28E-6	-1	
6.288E-6	-0.970215	
6.296E-6	-0.903809	
6.304E-6	-0.809448	
6.312E-6	-0.950317	
6.32E-6	-1	
6.328E-6	-0.847656	
6.336E-6	-1	
6.344E-6	-0.956787	
6.352E-6	-1	
6.36E-6	-0.819214	
6.368E-6	-0.875366	
6.376E-6	-0.868896	
6.384E-6	-0.977905	
6.392E-6	-0.895386	
6.4E-6	-1	
6.408E-6	-1	
6.416E-6	-1	
6.424E-6	-1	
6.432E-6	-0.92395	
6.44E-6	-0.7771	
6.448E-6	-0.813843	
6.456E-6	-1	
6.464E-6	-0.914307	
6.472E-6	-0.85144	
6.48E-6	-1	
6.488E-6	-0.965576	
6.496E-6	-0.890625	
6.504E-6	-0.937012	
6.512E-6	-0.914185	
6.52E-6	-1	
6.528E-6	-1	
6.536E-6	-1	
6.544E-6	-0.91748	
6.552E-6	-1	
6.56E-6	-0.861816	
6.568E-6	-0.860596	
6.576E-6	-1	
6.584E-6	0.775513	
6.592E-6	0.836182	
6.6E-6	0.761108	
6.608E-6	0.807861	
6.616E-6	0.894043	
6.624E-6	0.974609	
6.632E-6	0.917969	
6.64E-6	0.936401	
6.648E-6	0.999878	
6.656E-6	0.999878	
6.664E-6	0.999878	
6.672E-6	0.888062	
6.68E-6	0.840942	
6.688E-6	0.848877	
6.696E-6	0.979492	
6.704E-6	0.999878	
6.712E-6	0.999878	
6.72E-6	0.999878	
6.728E-6	0.895386	
6.736E-6	0.960815	
6.744E-6	0.990234	
6.752E-6	0.785156	
6.76E-6	0.806885	
6.768E-6	0.876343	
6.776E-6	0.848145	
6.784E-6	0.776855	
6.792E-6	0.925049	
6.8E-6	0.999878	
6.808E-6	0.999878	
6.816E-6	0.999878	
6.824E-6	0.971802	
6.832E-6	0.888062	
6.84E-6	0.999878	
6.848E-6	0.999878	
6.856E-6	0.920654	
6.864E-6	0.823608	
6.872E-6	0.963257	
6.88E-6	0.999878	
6.888E-6	0.999878	
6.896E-6	0.999878	
6.904E-6	0.999878	
6.912E-6	0.999878	
6.92E-6	0.838013	
6.928E-6	0.999878	
6.936E-6	0.999878	
6.944E-6	0.866577	
6.952E-6	0.827393	
6.96E-6	0.84314	
6.968E-6	0.999878	
6.976E-6	0.999878	
6.984E-6	0.999878	
6.992E-6	0.999878	
7E-6	0.903564	
7.008E-6	0.999878	
7.016E-6	0.811035	
7.024E-6	0.999756	
7.032E-6	0.806885	
7.04E-6	0.91748	
7.048E-6	0.846436	
7.056E-6	0.860596	
7.064E-6	0.789307	
7.072E-6	0.885864	
7.08E-6	0.917358	
7.088E-6	0.999878	
7.096E-6	0.999878	
7.104E-6	0.999878	
7.112E-6	0.999878	
7.12E-6	0.829712	
7.128E-6	0.999878	
7.136E-6	0.793213	
7.144E-6	0.809326	
7.152E-6	0.911133	
7.16E-6	0.999878	
7.168E-6	0.999878	
7.176E-6	0.811768	
7.184E-6	0.904175	
7.192E-6	0.976929	
7.2E-6	0.865601	
7.208E-6	0.999878	
7.216E-6	0.923706	
7.224E-6	0.776123	
7.232E-6	0.999878	
7.24E-6	0.833374	
7.248E-6	0.786133	
7.256E-6	0.776489	
7.264E-6	0.818115	
7.272E-6	0.957153	
7.28E-6	0.807251	
7.288E-6	0.999878	
7.296E-6	0.90979	
7.304E-6	0.999878	
7.312E-6	0.909302	
7.32E-6	0.906738	
7.328E-6	0.994873	
7.336E-6	0.907715	
7.344E-6	0.999878	
7.352E-6	0.929687	
7.36E-6	0.999878	
7.368E-6	0.999878	
7.376E-6	0.999878	
7.384E-6	0.956299	
7.392E-6	0.840942	
7.4E-6	0.985962	
7.408E-6	0.916138	
7.416E-6	0.938477	
7.424E-6	0.999878	
7.432E-6	0.910278	
7.44E-6	0.999756	
7.448E-6	0.794189	
7.456E-6	0.893799	
7.464E-6	0.999756	
7.472E-6	0.999878	
7.48E-6	0.820435	
7.488E-6	0.947876	
7.496E-6	0.834595	
7.504E-6	0.7854	
7.512E-6	0.859619	
7.52E-6	0.999756	
7.528E-6	0.887573	
7.536E-6	0.788208	
7.544E-6	0.999878	
7.552E-6	0.853271	
7.56E-6	0.949097	
7.568E-6	0.838257	
7.576E-6	0.781128	
7.584E-6	0.859253	
7.592E-6	0.767578	
7.6E-6	-0.811157	
7.608E-6	-0.811157	
7.616E-6	-0.845337	
7.624E-6	-0.832153	
7.632E-6	-0.772461	
7.64E-6	-1	
7.648E-6	-1	
7.656E-6	-0.9729	
7.664E-6	-1	
7.672E-6	-0.865234	
7.68E-6	-1	
7.688E-6	-1	
7.696E-6	-0.786133	
7.704E-6	-1	
7.712E-6	-1	
7.72E-6	-0.85437	
7.728E-6	-1	
7.736E-6	-0.989014	
7.744E-6	-1	
7.752E-6	-1	
7.76E-6	-0.865479	
7.768E-6	-1	
7.776E-6	-0.981934	
7.784E-6	-0.94873	
7.792E-6	-0.798218	
7.8E-6	-0.951172	
7.808E-6	-0.93042	
7.816E-6	-0.854492	
7.824E-6	-1	
7.832E-6	-1	
7.84E-6	-0.957275	
7.848E-6	-1	
7.856E-6	-0.981323	
7.864E-6	-0.946289	
7.872E-6	-1	
7.88E-6	-0.90271	
7.888E-6	-1	
7.896E-6	-0.790894	
7.904E-6	-0.921509	
7.912E-6	-0.787842	
7.92E-6	-1	
7.928E-6	-0.959839	
7.936E-6	-0.832031	
7.944E-6	-0.870728	
7.952E-6	-1	
7.96E-6	-0.867065	
7.968E-6	-1	
7.976E-6	-0.850342	
7.984E-6	-0.907227	
7.992E-6	-1	
8E-6	-1	
8.008E-6	-0.794922	
8.016E-6	-0.780396	
8.024E-6	-0.80835	
8.032E-6	-0.82019	
8.04E-6	-1	
8.048E-6	-1	
8.056E-6	-0.894897	
8.064E-6	-1	
8.072E-6	-0.999878	
8.08E-6	-1	
8.088E-6	-1	
8.096E-6	-1	
8.104E-6	-1	
8.112E-6	-1	
8.12E-6	-1	
8.128E-6	-1	
8.136E-6	-0.870605	
8.144E-6	-0.877075	
8.152E-6	-0.79541	
8.16E-6	-0.835693	
8.168E-6	-0.991089	
8.176E-6	-0.926025	
8.184E-6	-1	
8.192E-6	-1	
8.2E-6	-0.813599	
8.208E-6	-0.910889	
8.216E-6	-0.924194	
8.224E-6	-0.774902	
8.232E-6	-1	
8.24E-6	-1	
8.248E-6	-0.881104	
8.256E-6	-0.982178	
8.264E-6	-1	
8.272E-6	-0.947144	
8.28E-6	-0.932129	
8.288E-6	-0.948975	
8.296E-6	-1	
8.304E-6	-0.999878	
8.312E-6	-0.843018	
8.32E-6	-0.803223	
8.328E-6	-1	
8.336E-6	-0.952881	
8.344E-6	-0.919556	
8.352E-6	-0.901367	
8.36E-6	-1	
8.368E-6	-1	
8.376E-6	-1	
8.384E-6	-1	
8.392E-6	-1	
8.4E-6	-0.97229	
8.408E-6	-1	
8.416E-6	-0.825439	
8.424E-6	-1	
8.432E-6	-0.799561	
8.44E-6	-0.847778	
8.448E-6	-0.998779	
8.456E-6	-0.950684	
8.464E-6	-1	
8.472E-6	-1	
8.48E-6	-1	
8.488E-6	-1	
8.496E-6	-0.780029	
8.504E-6	-0.89502	
8.512E-6	-0.872437	
8.52E-6	-0.989624	
8.528E-6	-1	
8.536E-6	-1	
8.544E-6	-0.836914	
8.552E-6	-0.855713	
8.56E-6	-1	
8.568E-6	-1	
8.576E-6	-0.853027	
8.584E-6	-0.999146	
8.592E-6	-1	
8.6E-6	-0.937622	
8.608E-6	-0.795898	
8.616E-6	0.819458	
8.624E-6	0.999878	
8.632E-6	0.999878	
8.64E-6	0.904053	
8.648E-6	0.804932	
8.656E-6	0.999878	
8.664E-6	0.999878	
8.672E-6	0.999878	
8.68E-6	0.869385	
8.688E-6	0.966919	
8.696E-6	0.809326	
8.704E-6	0.999878	
8.712E-6	0.999756	
8.72E-6	0.828979	
8.728E-6	0.999878	
8.736E-6	0.999756	
8.744E-6	0.991333	
8.752E-6	0.999878	
8.76E-6	0.999878	
8.768E-6	0.999756	
8.776E-6	0.999878	
8.784E-6	0.999878	
8.792E-6	0.999878	
8.8E-6	0.856323	
8.808E-6	0.999878	
8.816E-6	0.999878	
8.824E-6	0.871704	
8.832E-6	0.999878	
8.84E-6	0.859375	
8.848E-6	0.805054	
8.856E-6	0.999756	
8.864E-6	0.975952	
8.872E-6	0.962891	
8.88E-6	0.907349	
8.888E-6	0.78125	
8.896E-6	0.827026	
8.904E-6	0.793945	
8.912E-6	0.804932	
8.92E-6	0.850708	
8.928E-6	0.82312	
8.936E-6	0.887451	
8.944E-6	0.999878	
8.952E-6	0.955811	
8.96E-6	0.893066	
8.968E-6	0.871216	
8.976E-6	0.909668	
8.984E-6	0.999878	
8.992E-6	0.889771	
9E-6	0.9646	
9.008E-6	0.894043	
9.016E-6	0.999878	
9.024E-6	0.78418	
9.032E-6	0.821899	
9.04E-6	0.959473	
9.048E-6	0.995728	
9.056E-6	0.879272	
9.064E-6	0.999878	
9.072E-6	0.999878	
9.08E-6	0.999756	
9.088E-6	0.993164	
9.096E-6	0.999878	
9.104E-6	0.87439	
9.112E-6	0.999878	
9.12E-6	0.999878	
9.128E-6	0.996094	
9.136E-6	0.912231	
9.144E-6	0.999878	
9.152E-6	0.903564	
9.16E-6	0.984253	
9.168E-6	0.999878	
9.176E-6	0.864746	
9.184E-6	0.771362	
9.192E-6	0.97876	
9.2E-6	0.875	
9.208E-6	0.999878	
9.216E-6	0.873779	
9.224E-6	0.989868	
9.232E-6	0.999878	
9.24E-6	0.940552	
9.248E-6	0.769775	
9.256E-6	0.872192	
9.264E-6	0.975708	
9.272E-6	0.966064	
9.28E-6	0.999878	
9.288E-6	0.999878	
9.296E-6	0.944214	
9.304E-6	0.995239	
9.312E-6	0.999878	
9.32E-6	0.838623	
9.328E-6	0.999878	
9.336E-6	0.999878	
9.344E-6	0.917114	
9.352E-6	0.805908	
9.36E-6	0.999878	
9.368E-6	0.911377	
9.376E-6	0.999878	
9.384E-6	0.999878	
9.392E-6	0.819946	
9.4E-6	0.952759	
9.408E-6	0.93689	
9.416E-6	0.999878	
9.424E-6	0.860962	
9.432E-6	0.999878	
9.44E-6	0.999878	
9.448E-6	0.901123	
9.456E-6	0.999878	
9.464E-6	0.80188	
9.472E-6	0.999878	
9.48E-6	0.999878	
9.488E-6	0.806152	
9.496E-6	0.971069	
9.504E-6	0.982788	
9.512E-6	0.964844	
9.52E-6	0.933472	
9.528E-6	0.913818	
9.536E-6	0.91748	
9.544E-6	0.999878	
9.552E-6	0.786011	
9.56E-6	0.907837	
9.568E-6	0.999878	
9.576E-6	0.976562	
9.584E-6	0.876953	
9.592E-6	0.999878	
9.6E-6	0.859619	
9.608E-6	0.990356	
9.616E-6	0.836792	
9.624E-6	0.999878	
9.632E-6	-0.830688	
9.64E-6	-0.989136	
9.648E-6	-0.875244	
9.656E-6	-0.927612	
9.664E-6	-0.854492	
9.672E-6	-1	
9.68E-6	-0.882324	
9.688E-6	-0.923218	
9.696E-6	-1	
9.704E-6	-1	
9.712E-6	-1	
9.72E-6	-1	
9.728E-6	-1	
9.736E-6	-1	
9.744E-6	-1	
9.752E-6	-1	
9.76E-6	-0.999878	
9.768E-6	-0.974121	
9.776E-6	-0.923462	
9.784E-6	-0.955933	
9.792E-6	-0.915405	
9.8E-6	-0.825928	
9.808E-6	-0.857544	
9.816E-6	-1	
9.824E-6	-1	
9.832E-6	-0.807861	
9.84E-6	-0.925903	
9.848E-6	-0.970459	
9.856E-6	-1	
9.864E-6	-0.924316	
9.872E-6	-0.921753	
9.88E-6	-1	
9.888E-6	-0.835571	
9.896E-6	-0.802246	
9.904E-6	-0.919312	
9.912E-6	-0.942505	
9.92E-6	-0.986206	
9.928E-6	-0.887939	
9.936E-6	-0.996094	
9.944E-6	-0.89209	
9.952E-6	-0.897583	
9.96E-6	-1	
9.968E-6	-0.788818	
9.976E-6	-1	
9.984E-6	-1	
9.992E-6	-1	
1E-5	-0.994385	
1.0008E-5	-0.875732	
1.0016E-5	-0.999878	
1.0024E-5	-0.862671	
1.0032E-5	-1	
1.004E-5	-1	
1.0048E-5	-1	
1.0056E-5	-0.784912	
1.0064E-5	-1	
1.0072E-5	-1	
1.008E-5	-0.827148	
1.0088E-5	-1	
1.0096E-5	-0.828491	
1.0104E-5	-0.947021	
1.0112E-5	-1	
1.012E-5	-0.967407	
1.0128E-5	-0.947632	
1.0136E-5	-1	
1.0144E-5	-0.876099	
1.0152E-5	-0.999878	
1.016E-5	-0.992432	
1.0168E-5	-1	
1.0176E-5	-0.995605	
1.0184E-5	-0.960327	
1.0192E-5	-0.939209	
1.02E-5	-0.788086	
1.0208E-5	-0.842529	
1.0216E-5	-0.869019	
1.0224E-5	-1	
1.0232E-5	-0.89209	
1.024E-5	-0.982422	
1.0248E-5	-0.954468	
1.0256E-5	-0.846191	
1.0264E-5	-0.868774	
1.0272E-5	-0.869995	
1.028E-5	-0.895142	
1.0288E-5	-0.924683	
1.0296E-5	-1	
1.0304E-5	-1	
1.0312E-5	-0.955688	
1.032E-5	-0.972778	
1.0328E-5	-0.783325	
1.0336E-5	-1	
1.0344E-5	-1	
1.0352E-5	-1	
1.036E-5	-0.893066	
1.0368E-5	-1	
1.0376E-5	-0.801392	
1.0384E-5	-0.784668	
1.0392E-5	-0.847778	
1.04E-5	-0.985352	
1.0408E-5	-0.81958	
1.0416E-5	-1	
1.0424E-5	-0.999878	
1.0432E-5	-0.950684	
1.044E-5	-0.87439	
1.0448E-5	-0.999878	
1.0456E-5	-0.852295	
1.0464E-5	-0.993652	
1.0472E-5	-0.943481	
1.048E-5	-0.893799	
1.0488E-5	-0.842896	
1.0496E-5	-0.887451	
1.0504E-5	-0.97583	
1.0512E-5	-0.971191	
1.052E-5	-1	
1.0528E-5	-0.815308	
1.0536E-5	-0.808228	
1.0544E-5	-1	
1.0552E-5	-1	
1.056E-5	-0.946899	
1.0568E-5	-0.990845	
1.0576E-5	-1	
1.0584E-5	-0.998413	
1.0592E-5	-1	
1.06E-5	-1	
1.0608E-5	-0.944458	
1.0616E-5	-1	
1.0624E-5	-0.814087	
1.0632E-5	-0.80835	
1.064E-5	-1	
1.0648E-5	0.999878	
1.0656E-5	0.947754	
1.0664E-5	0.837524	
1.0672E-5	0.999878	
1.068E-5	0.999878	
1.0688E-5	0.901611	
1.0696E-5	0.927979	
1.0704E-5	0.999878	
1.0712E-5	0.999756	
1.072E-5	0.860962	
1.0728E-5	0.999878	
1.0736E-5	0.803711	
1.0744E-5	0.925781	
1.0752E-5	0.927612	
1.076E-5	0.846191	
1.0768E-5	0.999878	
1.0776E-5	0.994141	
1.0784E-5	0.891968	
1.0792E-5	0.999878	
1.08E-5	0.925049	
1.0808E-5	0.946045	
1.0816E-5	0.999878	
1.0824E-5	0.90979	
1.0832E-5	0.999878	
1.084E-5	0.884521	
1.0848E-5	0.999878	
1.0856E-5	0.821167	
1.0864E-5	0.785767	
1.0872E-5	0.776855	
1.088E-5	0.841431	
1.0888E-5	0.982666	
1.0896E-5	0.935181	
1.0904E-5	0.805054	
1.0912E-5	0.848267	
1.092E-5	0.915161	
1.0928E-5	0.989624	
1.0936E-5	0.849731	
1.0944E-5	0.926758	
1.0952E-5	0.953613	
1.096E-5	0.775024	
1.0968E-5	0.995483	
1.0976E-5	0.862305	
1.0984E-5	0.855103	
1.0992E-5	0.956177	
1.1E-5	0.788086	
1.1008E-5	0.999878	
1.1016E-5	0.922852	
1.1024E-5	0.999878	
1.1032E-5	0.999878	
1.104E-5	0.881836	
1.1048E-5	0.999878	
1.1056E-5	0.957397	
1.1064E-5	0.987061	
1.1072E-5	0.790894	
1.108E-5	0.999878	
1.1088E-5	0.885254	
1.1096E-5	0.999878	
1.1104E-5	0.831177	
1.1112E-5	0.999878	
1.112E-5	0.999878	
1.1128E-5	0.999878	
1.1136E-5	0.999878	
1.1144E-5	0.94397	
1.1152E-5	0.999878	
1.116E-5	0.994507	
1.1168E-5	0.863647	
1.1176E-5	0.802124	
1.1184E-5	0.999878	
1.1192E-5	0.920776	
1.12E-5	0.999878	
1.1208E-5	0.950562	
1.1216E-5	0.779419	
1.1224E-5	0.896729	
1.1232E-5	0.899414	
1.124E-5	0.78125	
1.1248E-5	0.807495	
1.1256E-5	0.999878	
1.1264E-5	0.99353	
1.1272E-5	0.999878	
1.128E-5	0.926514	
1.1288E-5	0.999878	
1.1296E-5	0.989746	
1.1304E-5	0.999878	
1.1312E-5	0.850708	
1.132E-5	0.924561	
1.1328E-5	0.862793	
1.1336E-5	0.824707	
1.1344E-5	0.810303	
1.1352E-5	0.944336	
1.136E-5	0.999878	
1.1368E-5	0.985352	
1.1376E-5	0.999878	
1.1384E-5	0.918213	
1.1392E-5	0.913696	
1.14E-5	0.871338	
1.1408E-5	0.999878	
1.1416E-5	0.999878	
1.1424E-5	0.999878	
1.1432E-5	0.999878	
1.144E-5	0.999878	
1.1448E-5	0.999878	
1.1456E-5	0.809937	
1.1464E-5	0.999878	
1.1472E-5	0.999878	
1.148E-5	0.801514	
1.1488E-5	0.992554	
1.1496E-5	0.999878	
1.1504E-5	0.887207	
1.1512E-5	0.914307	
1.152E-5	0.999878	
1.1528E-5	0.999878	
1.1536E-5	0.999878	
1.1544E-5	0.999878	
1.1552E-5	0.974854	
1.156E-5	0.999878	
1.1568E-5	0.804199	
1.1576E-5	0.848145	
1.1584E-5	0.827148	
1.1592E-5	0.838745	
1.16E-5	0.905029	
1.1608E-5	0.814209	
1.1616E-5	0.999756	
1.1624E-5	0.999878	
1.1632E-5	0.829956	
1.164E-5	0.999878	
1.1648E-5	0.776367	
1.1656E-5	0.772827	
1.1664E-5	-0.983643	
1.1672E-5	-0.904785	
1.168E-5	-1	
1.1688E-5	-0.848755	
1.1696E-5	-0.908813	
1.1704E-5	-1	
1.1712E-5	-0.850464	
1.172E-5	-0.961548	
1.1728E-5	-1	
1.1736E-5	-1	
1.1744E-5	-1	
1.1752E-5	-0.790161	
1.176E-5	-0.863892	
1.1768E-5	-1	
1.1776E-5	-0.893433	
1.1784E-5	-0.984863	
1.1792E-5	-0.798462	
1.18E-5	-1	
1.1808E-5	-1	
1.1816E-5	-0.864502	
1.1824E-5	-1	
1.1832E-5	-1	
1.184E-5	-1	
1.1848E-5	-0.85498	
1.1856E-5	-1	
1.1864E-5	-1	
1.1872E-5	-0.890015	
1.188E-5	-1	
1.1888E-5	-0.92334	
1.1896E-5	-0.803711	
1.1904E-5	-0.875122	
1.1912E-5	-0.77832	
1.192E-5	-0.938965	
1.1928E-5	-1	
1.1936E-5	-0.900146	
1.1944E-5	-0.814819	
1.1952E-5	-0.829956	
1.196E-5	-1	
1.1968E-5	-0.870239	
1.1976E-5	-0.949829	
1.1984E-5	-1	
1.1992E-5	-1	
1.2E-5	-1	
1.2008E-5	-1	
1.2016E-5	-1	
1.2024E-5	-0.961548	
1.2032E-5	-1	
1.204E-5	-0.955444	
1.2048E-5	-0.924194	
1.2056E-5	-0.950562	
1.2064E-5	-0.798584	
1.2072E-5	-1	
1.208E-5	-0.804687	
1.2088E-5	-1	
1.2096E-5	-1	
1.2104E-5	-0.989014	
1.2112E-5	-0.862549	
1.212E-5	-1	
1.2128E-5	-0.805542	
1.2136E-5	-0.878052	
1.2144E-5	-0.896973	
1.2152E-5	-1	
1.216E-5	-0.885986	
1.2168E-5	-0.892578	
1.2176E-5	-0.858887	
1.2184E-5	-0.860596	
1.2192E-5	-1	
1.22E-5	-0.859253	
1.2208E-5	-0.956787	
1.2216E-5	-0.888184	
1.2224E-5	-0.921997	
1.2232E-5	-0.938965	
1.224E-5	-1	
1.2248E-5	-0.862549	
1.2256E-5	-0.832642	
1.2264E-5	-0.912354	
1.2272E-5	-0.88623	
1.228E-5	-0.872437	
1.2288E-5	-0.921997	
1.2296E-5	-0.780884	
1.2304E-5	-0.817749	
1.2312E-5	-0.85376	
1.232E-5	-0.778564	
1.2328E-5	-0.924194	
1.2336E-5	-0.982422	
1.2344E-5	-0.815918	
1.2352E-5	-1	
1.236E-5	-0.990234	
1.2368E-5	-1	
1.2376E-5	-0.792969	
1.2384E-5	-1	
1.2392E-5	-1	
1.24E-5	-1	
1.2408E-5	-0.805908	
1.2416E-5	-0.966187	
1.2424E-5	-0.80896	
1.2432E-5	-0.921021	
1.244E-5	-0.846191	
1.2448E-5	-0.951294	
1.2456E-5	-0.847778	
1.2464E-5	-1	
1.2472E-5	-0.961304	
1.248E-5	-0.858887	
1.2488E-5	-1	
1.2496E-5	-0.873047	
1.2504E-5	-0.818359	
1.2512E-5	-0.901978	
1.252E-5	-1	
1.2528E-5	-0.973389	
1.2536E-5	-1	
1.2544E-5	-1	
1.2552E-5	-0.782837	
1.256E-5	-1	
1.2568E-5	-0.826538	
1.2576E-5	-0.774414	
1.2584E-5	-0.882568	
1.2592E-5	-0.999878	
1.26E-5	-0.878662	
1.2608E-5	-1	
1.2616E-5	-0.82959	
1.2624E-5	-1	
1.2632E-5	-0.997192	
1.264E-5	-0.860229	
1.2648E-5	-1	
1.2656E-5	-0.993408	
1.2664E-5	-1	
1.2672E-5	-0.807129	
1.268E-5	0.999878	
1.2688E-5	0.773071	
1.2696E-5	0.871826	
1.2704E-5	0.999878	
1.2712E-5	0.999756	
1.272E-5	0.999878	
1.2728E-5	0.999878	
1.2736E-5	0.950195	
1.2744E-5	0.795288	
1.2752E-5	0.999878	
1.276E-5	0.989868	
1.2768E-5	0.762085	
1.2776E-5	0.88855	
1.2784E-5	0.999878	
1.2792E-5	0.829956	
1.28E-5	0.991333	
1.2808E-5	0.999878	
1.2816E-5	0.782959	
1.2824E-5	0.981812	
1.2832E-5	0.849243	
1.284E-5	0.999878	
1.2848E-5	0.896118	
1.2856E-5	0.999756	
1.2864E-5	0.90625	
1.2872E-5	0.9646	
1.288E-5	0.999878	
1.2888E-5	0.843994	
1.2896E-5	0.999878	
1.2904E-5	0.999878	
1.2912E-5	0.929932	
1.292E-5	0.781738	
1.2928E-5	0.838135	
1.2936E-5	0.963379	
1.2944E-5	0.999878	
1.2952E-5	0.916016	
1.296E-5	0.779419	
1.2968E-5	0.849365	
1.2976E-5	0.999878	
1.2984E-5	0.999878	
1.2992E-5	0.999878	
1.3E-5	0.999878	
1.3008E-5	0.999878	
1.3016E-5	0.862427	
1.3024E-5	0.910522	
1.3032E-5	0.995483	
1.304E-5	0.999878	
1.3048E-5	0.999756	
1.3056E-5	0.999878	
1.3064E-5	0.999878	
1.3072E-5	0.936523	
1.308E-5	0.999878	
1.3088E-5	0.963257	
1.3096E-5	0.844604	
1.3104E-5	0.959961	
1.3112E-5	0.861816	
1.312E-5	0.822266	
1.3128E-5	0.790649	
1.3136E-5	0.782471	
1.3144E-5	0.987061	
1.3152E-5	0.999878	
1.316E-5	0.999756	
1.3168E-5	0.999878	
1.3176E-5	0.870728	
1.3184E-5	0.999878	
1.3192E-5	0.999878	
1.32E-5	0.938354	
1.3208E-5	0.999878	
1.3216E-5	0.925903	
1.3224E-5	0.999878	
1.3232E-5	0.956421	
1.324E-5	0.851562	
1.3248E-5	0.999878	
1.3256E-5	0.999878	
1.3264E-5	0.999878	
1.3272E-5	0.956909	
1.328E-5	0.915649	
1.3288E-5	0.993164	
1.3296E-5	0.999878	
1.3304E-5	0.999878	
1.3312E-5	0.840332	
1.332E-5	0.778687	
1.3328E-5	0.95166	
1.3336E-5	0.999878	
1.3344E-5	0.884277	
1.3352E-5	0.999878	
1.336E-5	0.845215	
1.3368E-5	0.860962	
1.3376E-5	0.862549	
1.3384E-5	0.999756	
1.3392E-5	0.999878	
1.34E-5	0.842896	
1.3408E-5	0.999878	
1.3416E-5	0.999878	
1.3424E-5	0.839478	
1.3432E-5	0.825439	
1.344E-5	0.999878	
1.3448E-5	0.981079	
1.3456E-5	0.999878	
1.3464E-5	0.967896	
1.3472E-5	0.999878	
1.348E-5	0.876831	
1.3488E-5	0.880615	
1.3496E-5	0.86145	
1.3504E-5	0.774048	
1.3512E-5	0.941895	
1.352E-5	0.874023	
1.3528E-5	0.927979	
1.3536E-5	0.999878	
1.3544E-5	0.999878	
1.3552E-5	0.999878	
1.356E-5	0.999878	
1.3568E-5	0.999878	
1.3576E-5	0.898193	
1.3584E-5	0.980957	
1.3592E-5	0.817871	
1.36E-5	0.986816	
1.3608E-5	0.999878	
1.3616E-5	0.969849	
1.3624E-5	0.836792	
1.3632E-5	0.792358	
1.364E-5	0.999878	
1.3648E-5	0.999878	
1.3656E-5	0.782959	
1.3664E-5	0.999756	
1.3672E-5	0.999878	
1.368E-5	0.950928	
1.3688E-5	0.999878	
1.3696E-5	-0.778076	
1.3704E-5	-0.817383	
1.3712E-5	-0.960937	
1.372E-5	-1	
1.3728E-5	-1	
1.3736E-5	-1	
1.3744E-5	-0.961548	
1.3752E-5	-0.885986	
1.376E-5	-1	
1.3768E-5	-1	
1.3776E-5	-1	
1.3784E-5	-0.953979	
1.3792E-5	-1	
1.38E-5	-1	
1.3808E-5	-0.995361	
1.3816E-5	-0.937012	
1.3824E-5	-1	
1.3832E-5	-0.999878	
1.384E-5	-0.951416	
1.3848E-5	-0.999023	
1.3856E-5	-0.795288	
1.3864E-5	-0.880249	
1.3872E-5	-1	
1.388E-5	-0.939331	
1.3888E-5	-0.835693	
1.3896E-5	-1	
1.3904E-5	-0.798706	
1.3912E-5	-0.94104	
1.392E-5	-0.959839	
1.3928E-5	-0.891724	
1.3936E-5	-0.846436	
1.3944E-5	-1	
1.3952E-5	-0.799683	
1.396E-5	-1	
1.3968E-5	-0.850464	
1.3976E-5	-1	
1.3984E-5	-1	
1.3992E-5	-1	
1.4E-5	-0.782104	
1.4008E-5	-1	
1.4016E-5	-1	
1.4024E-5	-1	
1.4032E-5	-0.782715	
1.404E-5	-0.924438	
1.4048E-5	-1	
1.4056E-5	-1	
1.4064E-5	-0.831665	
1.4072E-5	-0.798828	
1.408E-5	-1	
1.4088E-5	-1	
1.4096E-5	-0.910156	
1.4104E-5	-0.877075	
1.4112E-5	-0.957764	
1.412E-5	-1	
1.4128E-5	-1	
1.4136E-5	-0.780151	
1.4144E-5	-0.928833	
1.4152E-5	-1	
1.416E-5	-0.854858	
1.4168E-5	-0.967041	
1.4176E-5	-0.999878	
1.4184E-5	-1	
1.4192E-5	-1	
1.42E-5	-0.936523	
1.4208E-5	-0.895752	
1.4216E-5	-0.862061	
1.4224E-5	-0.895996	
1.4232E-5	-1	
1.424E-5	-0.821289	
1.4248E-5	-0.991577	
1.4256E-5	-0.981567	
1.4264E-5	-1	
1.4272E-5	-1	
1.428E-5	-0.785645	
1.4288E-5	-0.792725	
1.4296E-5	-0.806152	
1.4304E-5	-1	
1.4312E-5	-1	
1.432E-5	-0.844971	
1.4328E-5	-0.825317	
1.4336E-5	-1	
1.4344E-5	-1	
1.4352E-5	-0.901489	
1.436E-5	-0.999878	
1.4368E-5	-1	
1.4376E-5	-0.797485	
1.4384E-5	-0.953857	
1.4392E-5	-1	
1.44E-5	-1	
1.4408E-5	-0.839355	
1.4416E-5	-1	
1.4424E-5	-1	
1.4432E-5	-0.950806	
1.444E-5	-0.878296	
1.4448E-5	-0.8573	
1.4456E-5	-1	
1.4464E-5	-1	
1.4472E-5	-1	
1.448E-5	-1	
1.4488E-5	-1	
1.4496E-5	-0.999878	
1.4504E-5	-0.784668	
1.4512E-5	-1	
1.452E-5	-1	
1.4528E-5	-0.984863	
1.4536E-5	-1	
1.4544E-5	-0.947388	
1.4552E-5	-1	
1.456E-5	-0.803955	
1.4568E-5	-1	
1.4576E-5	-1	
1.4584E-5	-0.842285	
1.4592E-5	-0.858765	
1.46E-5	-0.999878	
1.4608E-5	-0.852417	
1.4616E-5	-1	
1.4624E-5	-0.850342	
1.4632E-5	-0.834839	
1.464E-5	-1	
1.4648E-5	-1	
1.4656E-5	-0.983765	
1.4664E-5	-0.853638	
1.4672E-5	-0.995239	
1.468E-5	-0.823975	
1.4688E-5	-0.999878	
1.4696E-5	-0.933838	
1.4704E-5	-0.90332	
1.4712E-5	0.898193	
1.472E-5	0.807495	
1.4728E-5	0.744995	
1.4736E-5	0.828369	
1.4744E-5	0.999878	
1.4752E-5	0.853027	
1.476E-5	0.767578	
1.4768E-5	0.930054	
1.4776E-5	0.794556	
1.4784E-5	0.78894	
1.4792E-5	0.799805	
1.48E-5	0.803589	
1.4808E-5	0.849976	
1.4816E-5	0.922119	
1.4824E-5	0.999878	
1.4832E-5	0.999878	
1.484E-5	0.999878	
1.4848E-5	0.999878	
1.4856E-5	0.806641	
1.4864E-5	0.999878	
1.4872E-5	0.827515	
1.488E-5	0.999878	
1.4888E-5	0.912354	
1.4896E-5	0.930786	
1.4904E-5	0.86145	
1.4912E-5	0.999878	
1.492E-5	0.839478	
1.4928E-5	0.908081	
1.4936E-5	0.999878	
1.4944E-5	0.999878	
1.4952E-5	0.849976	
1.496E-5	0.999878	
1.4968E-5	0.999756	
1.4976E-5	0.840088	
1.4984E-5	0.818359	
1.4992E-5	0.999878	
1.5E-5	0.842896	
1.5008E-5	0.88269	
1.5016E-5	0.792114	
1.5024E-5	0.999878	
1.5032E-5	0.999878	
1.504E-5	0.999878	
1.5048E-5	0.999878	
1.5056E-5	0.999878	
1.5064E-5	0.999878	
1.5072E-5	0.999878	
1.508E-5	0.95459	
1.5088E-5	0.866699	
1.5096E-5	0.999878	
1.5104E-5	0.941406	
1.5112E-5	0.787842	
1.512E-5	0.942139	
1.5128E-5	0.863892	
1.5136E-5	0.871704	
1.5144E-5	0.999878	
1.5152E-5	0.840332	
1.516E-5	0.848877	
1.5168E-5	0.999878	
1.5176E-5	0.999878	
1.5184E-5	0.971558	
1.5192E-5	0.93335	
1.52E-5	0.930542	
1.5208E-5	0.817871	
1.5216E-5	0.999878	
1.5224E-5	0.809814	
1.5232E-5	0.949463	
1.524E-5	0.825562	
1.5248E-5	0.853882	
1.5256E-5	0.844238	
1.5264E-5	0.935303	
1.5272E-5	0.814331	
1.528E-5	0.999878	
1.5288E-5	0.999878	
1.5296E-5	0.832397	
1.5304E-5	0.888916	
1.5312E-5	0.91748	
1.532E-5	0.873413	
1.5328E-5	0.934814	
1.5336E-5	0.885132	
1.5344E-5	0.999878	
1.5352E-5	0.999878	
1.536E-5	0.898682	
1.5368E-5	0.806396	
1.5376E-5	0.999756	
1.5384E-5	0.81311	
1.5392E-5	0.952393	
1.54E-5	0.807129	
1.5408E-5	0.885498	
1.5416E-5	0.98999	
1.5424E-5	0.833984	
1.5432E-5	0.999878	
1.544E-5	0.907959	
1.5448E-5	0.890625	
1.5456E-5	0.766357	
1.5464E-5	0.999878	
1.5472E-5	0.847412	
1.548E-5	0.998169	
1.5488E-5	0.967041	
1.5496E-5	0.782349	
1.5504E-5	0.999878	
1.5512E-5	0.999878	
1.552E-5	0.861328	
1.5528E-5	0.999878	
1.5536E-5	0.997314	
1.5544E-5	0.790894	
1.5552E-5	0.956177	
1.556E-5	0.79895	
1.5568E-5	0.981201	
1.5576E-5	0.853027	
1.5584E-5	0.941895	
1.5592E-5	0.999878	
1.56E-5	0.805908	
1.5608E-5	0.882446	
1.5616E-5	0.888306	
1.5624E-5	0.995972	
1.5632E-5	0.898682	
1.564E-5	0.900146	
1.5648E-5	0.771484	
1.5656E-5	0.999878	
1.5664E-5	0.994019	
1.5672E-5	0.999878	
1.568E-5	0.936279	
1.5688E-5	0.797729	
1.5696E-5	0.875366	
1.5704E-5	0.999878	
1.5712E-5	0.999878	
1.572E-5	0.999878	
1.5728E-5	-1	
1.5736E-5	-0.939941	
1.5744E-5	-1	
1.5752E-5	-1	
1.576E-5	-1	
1.5768E-5	-0.850098	
1.5776E-5	-0.814819	
1.5784E-5	-0.787231	
1.5792E-5	-1	
1.58E-5	-1	
1.5808E-5	-1	
1.5816E-5	-0.951294	
1.5824E-5	-0.88562	
1.5832E-5	-1	
1.584E-5	-1	
1.5848E-5	-0.820312	
1.5856E-5	-1	
1.5864E-5	-0.927612	
1.5872E-5	-0.919922	
1.588E-5	-1	
1.5888E-5	-0.798462	
1.5896E-5	-0.964478	
1.5904E-5	-1	
1.5912E-5	-1	
1.592E-5	-0.953735	
1.5928E-5	-0.90979	
1.5936E-5	-1	
1.5944E-5	-1	
1.5952E-5	-0.88208	
1.596E-5	-1	
1.5968E-5	-0.824219	
1.5976E-5	-1	
1.5984E-5	-0.781128	
1.5992E-5	-0.96875	
1.6E-5	-1	
1.6008E-5	-0.877808	
1.6016E-5	-1	
1.6024E-5	-0.831177	
1.6032E-5	-1	
1.604E-5	-1	
1.6048E-5	-0.840332	
1.6056E-5	-1	
1.6064E-5	-0.88855	
1.6072E-5	-0.8479	
1.608E-5	-0.831055	
1.6088E-5	-0.810913	
1.6096E-5	-0.994019	
1.6104E-5	-1	
1.6112E-5	-0.874756	
1.612E-5	-1	
1.6128E-5	-0.889526	
1.6136E-5	-0.827515	
1.6144E-5	-0.999878	
1.6152E-5	-0.824707	
1.616E-5	-1	
1.6168E-5	-0.833252	
1.6176E-5	-1	
1.6184E-5	-0.889648	
1.6192E-5	-1	
1.62E-5	-0.841187	
1.6208E-5	-0.784546	
1.6216E-5	-1	
1.6224E-5	-0.930298	
1.6232E-5	-0.774902	
1.624E-5	-0.833618	
1.6248E-5	-0.819458	
1.6256E-5	-0.917603	
1.6264E-5	-0.845581	
1.6272E-5	-1	
1.628E-5	-0.928101	
1.6288E-5	-1	
1.6296E-5	-0.787598	
1.6304E-5	-1	
1.6312E-5	-0.999878	
1.632E-5	-0.992432	
1.6328E-5	-0.846558	
1.6336E-5	-1	
1.6344E-5	-0.787476	
1.6352E-5	-1	
1.636E-5	-1	
1.6368E-5	-1	
1.6376E-5	-0.911743	
1.6384E-5	-0.961304	
1.6392E-5	-0.909302	
1.64E-5	-0.786621	
1.6408E-5	-0.84729	
1.6416E-5	-1	
1.6424E-5	-0.854004	
1.6432E-5	-0.908813	
1.644E-5	-0.792969	
1.6448E-5	-1	
1.6456E-5	-0.858032	
1.6464E-5	-1	
1.6472E-5	-0.826172	
1.648E-5	-0.821533	
1.6488E-5	-0.93811	
1.6496E-5	-0.867187	
1.6504E-5	-0.866577	
1.6512E-5	-0.851562	
1.652E-5	-1	
1.6528E-5	-0.880859	
1.6536E-5	-0.963867	
1.6544E-5	-0.802612	
1.6552E-5	-0.970947	
1.656E-5	-0.824829	
1.6568E-5	-0.949951	
1.6576E-5	-0.841309	
1.6584E-5	-1	
1.6592E-5	-0.949463	
1.66E-5	-1	
1.6608E-5	-0.950439	
1.6616E-5	-1	
1.6624E-5	-0.971069	
1.6632E-5	-0.802856	
1.664E-5	-1	
1.6648E-5	-1	
1.6656E-5	-0.917969	
1.6664E-5	-0.976196	
1.6672E-5	-0.905884	
1.668E-5	-1	
1.6688E-5	-1	
1.6696E-5	-0.979858	
1.6704E-5	-1	
1.6712E-5	-1	
1.672E-5	-1	
1.6728E-5	-1	
1.6736E-5	-0.920044	
1.6744E-5	0.887085	
1.6752E-5	0.763306	
1.676E-5	0.999878	
1.6768E-5	0.999878	
1.6776E-5	0.999878	
1.6784E-5	0.947754	
1.6792E-5	0.999878	
1.68E-5	0.761963	
1.6808E-5	0.999878	
1.6816E-5	0.999756	
1.6824E-5	0.877441	
1.6832E-5	0.923096	
1.684E-5	0.972412	
1.6848E-5	0.787231	
1.6856E-5	0.921143	
1.6864E-5	0.999756	
1.6872E-5	0.999878	
1.688E-5	0.999878	
1.6888E-5	0.811768	
1.6896E-5	0.864868	
1.6904E-5	0.999878	
1.6912E-5	0.97937	
1.692E-5	0.999878	
1.6928E-5	0.839722	
1.6936E-5	0.797241	
1.6944E-5	0.970825	
1.6952E-5	0.905396	
1.696E-5	0.899048	
1.6968E-5	0.921143	
1.6976E-5	0.951904	
1.6984E-5	0.999878	
1.6992E-5	0.999878	
1.7E-5	0.839478	
1.7008E-5	0.864624	
1.7016E-5	0.799316	
1.7024E-5	0.959351	
1.7032E-5	0.943359	
1.704E-5	0.824829	
1.7048E-5	0.794189	
1.7056E-5	0.905151	
1.7064E-5	0.999878	
1.7072E-5	0.930908	
1.708E-5	0.832764	
1.7088E-5	0.977295	
1.7096E-5	0.999878	
1.7104E-5	0.999878	
1.7112E-5	0.954468	
1.712E-5	0.772217	
1.7128E-5	0.999878	
1.7136E-5	0.999878	
1.7144E-5	0.807495	
1.7152E-5	0.995239	
1.716E-5	0.999878	
1.7168E-5	0.981445	
1.7176E-5	0.799683	
1.7184E-5	0.999878	
1.7192E-5	0.848633	
1.72E-5	0.893799	
1.7208E-5	0.794189	
1.7216E-5	0.999878	
1.7224E-5	0.779541	
1.7232E-5	0.993896	
1.724E-5	0.999878	
1.7248E-5	0.943237	
1.7256E-5	0.921143	
1.7264E-5	0.818604	
1.7272E-5	0.999878	
1.728E-5	0.872681	
1.7288E-5	0.931396	
1.7296E-5	0.999878	
1.7304E-5	0.841309	
1.7312E-5	0.999878	
1.732E-5	0.999878	
1.7328E-5	0.999878	
1.7336E-5	0.999878	
1.7344E-5	0.913452	
1.7352E-5	0.916748	
1.736E-5	0.832764	
1.7368E-5	0.86377	
1.7376E-5	0.999878	
1.7384E-5	0.858032	
1.7392E-5	0.863647	
1.74E-5	0.905884	
1.7408E-5	0.913696	
1.7416E-5	0.827881	
1.7424E-5	0.999878	
1.7432E-5	0.999878	
1.744E-5	0.941406	
1.7448E-5	0.897583	
1.7456E-5	0.915039	
1.7464E-5	0.769043	
1.7472E-5	0.893433	
1.748E-5	0.999756	
1.7488E-5	0.991333	
1.7496E-5	0.933472	
1.7504E-5	0.999878	
1.7512E-5	0.999878	
1.752E-5	0.985229	
1.7528E-5	0.905518	
1.7536E-5	0.880249	
1.7544E-5	0.999756	
1.7552E-5	0.911621	
1.756E-5	0.870361	
1.7568E-5	0.822388	
1.7576E-5	0.775635	
1.7584E-5	0.943604	
1.7592E-5	0.999878	
1.76E-5	0.999878	
1.7608E-5	0.999878	
1.7616E-5	0.945435	
1.7624E-5	0.779663	
1.7632E-5	0.855103	
1.764E-5	0.999878	
1.7648E-5	0.999878	
1.7656E-5	0.788208	
1.7664E-5	0.806274	
1.7672E-5	0.999878	
1.768E-5	0.999878	
1.7688E-5	0.999878	
1.7696E-5	0.813232	
1.7704E-5	0.999878	
1.7712E-5	0.804077	
1.772E-5	0.999878	
1.7728E-5	0.993286	
1.7736E-5	0.999878	
1.7744E-5	0.959229	
1.7752E-5	0.999878	
1.776E-5	-0.772583	
1.7768E-5	-0.886841	
1.7776E-5	-0.835571	
1.7784E-5	-1	
1.7792E-5	-1	
1.78E-5	-0.845215	
1.7808E-5	-0.870117	
1.7816E-5	-1	
1.7824E-5	-0.939087	
1.7832E-5	-0.825928	
1.784E-5	-0.999878	
1.7848E-5	-0.952148	
1.7856E-5	-0.820068	
1.7864E-5	-1	
1.7872E-5	-1	
1.788E-5	-0.946045	
1.7888E-5	-1	
1.7896E-5	-1	
1.7904E-5	-0.947144	
1.7912E-5	-0.79541	
1.792E-5	-0.920898	
1.7928E-5	-0.823853	
1.7936E-5	-0.77771	
1.7944E-5	-0.999878	
1.7952E-5	-0.889404	
1.796E-5	-0.816895	
1.7968E-5	-0.943359	
1.7976E-5	-1	
1.7984E-5	-1	
1.7992E-5	-0.908325	
1.8E-5	-1	
1.8008E-5	-1	
1.8016E-5	-1	
1.8024E-5	-0.819946	
1.8032E-5	-0.779663	
1.804E-5	-0.882812	
1.8048E-5	-1	
1.8056E-5	-1	
1.8064E-5	-0.964844	
1.8072E-5	-0.783691	
1.808E-5	-1	
1.8088E-5	-0.796997	
1.8096E-5	-1	
1.8104E-5	-0.910278	
1.8112E-5	-0.783691	
1.812E-5	-1	
1.8128E-5	-0.954956	
1.8136E-5	-0.826538	
1.8144E-5	-0.820312	
1.8152E-5	-1	
1.816E-5	-0.905518	
1.8168E-5	-0.981812	
1.8176E-5	-1	
1.8184E-5	-0.822388	
1.8192E-5	-0.943359	
1.82E-5	-0.955933	
1.8208E-5	-0.929077	
1.8216E-5	-1	
1.8224E-5	-0.944702	
1.8232E-5	-1	
1.824E-5	-1	
1.8248E-5	-0.810913	
1.8256E-5	-1	
1.8264E-5	-1	
1.8272E-5	-0.851929	
1.828E-5	-1	
1.8288E-5	-0.851196	
1.8296E-5	-0.847656	
1.8304E-5	-0.843628	
1.8312E-5	-0.825073	
1.832E-5	-0.88623	
1.8328E-5	-1	
1.8336E-5	-1	
1.8344E-5	-0.950317	
1.8352E-5	-1	
1.836E-5	-0.959106	
1.8368E-5	-0.899902	
1.8376E-5	-1	
1.8384E-5	-0.889771	
1.8392E-5	-0.957764	
1.84E-5	-0.999878	
1.8408E-5	-1	
1.8416E-5	-1	
1.8424E-5	-0.918457	
1.8432E-5	-0.829224	
1.844E-5	-0.786743	
1.8448E-5	-0.920532	
1.8456E-5	-0.810181	
1.8464E-5	-0.852417	
1.8472E-5	-0.999878	
1.848E-5	-0.920044	
1.8488E-5	-0.966309	
1.8496E-5	-0.916138	
1.8504E-5	-1	
1.8512E-5	-0.878052	
1.852E-5	-0.800049	
1.8528E-5	-1	
1.8536E-5	-0.839355	
1.8544E-5	-0.781494	
1.8552E-5	-0.973999	
1.856E-5	-1	
1.8568E-5	-0.780518	
1.8576E-5	-0.837769	
1.8584E-5	-1	
1.8592E-5	-0.825073	
1.86E-5	-1	
1.8608E-5	-0.796387	
1.8616E-5	-0.963501	
1.8624E-5	-1	
1.8632E-5	-1	
1.864E-5	-0.950073	
1.8648E-5	-0.999878	
1.8656E-5	-0.855103	
1.8664E-5	-0.799316	
1.8672E-5	-1	
1.868E-5	-1	
1.8688E-5	-0.802002	
1.8696E-5	-0.886108	
1.8704E-5	-0.916382	
1.8712E-5	-0.977173	
1.872E-5	-0.832153	
1.8728E-5	-0.999878	
1.8736E-5	-0.796143	
1.8744E-5	-0.919312	
1.8752E-5	-0.840454	
1.876E-5	-0.994507	
1.8768E-5	-1	
1.8776E-5	0.872314	
1.8784E-5	0.89917	
1.8792E-5	0.999756	
1.88E-5	0.919434	
1.8808E-5	0.933838	
1.8816E-5	0.979126	
1.8824E-5	0.999878	
1.8832E-5	0.999878	
1.884E-5	0.999878	
1.8848E-5	0.923584	
1.8856E-5	0.980103	
1.8864E-5	0.999756	
1.8872E-5	0.78125	
1.888E-5	0.999878	
1.8888E-5	0.957642	
1.8896E-5	0.994385	
1.8904E-5	0.999878	
1.8912E-5	0.987915	
1.892E-5	0.846558	
1.8928E-5	0.864014	
1.8936E-5	0.937622	
1.8944E-5	0.903442	
1.8952E-5	0.999878	
1.896E-5	0.949341	
1.8968E-5	0.89917	
1.8976E-5	0.999878	
1.8984E-5	0.810059	
1.8992E-5	0.935547	
1.9E-5	0.999878	
1.9008E-5	0.919556	
1.9016E-5	0.86731	
1.9024E-5	0.999878	
1.9032E-5	0.999878	
1.904E-5	0.93396	
1.9048E-5	0.999878	
1.9056E-5	0.895142	
1.9064E-5	0.857666	
1.9072E-5	0.950439	
1.908E-5	0.989502	
1.9088E-5	0.763184	
1.9096E-5	0.983521	
1.9104E-5	0.963501	
1.9112E-5	0.784302	
1.912E-5	0.943726	
1.9128E-5	0.999878	
1.9136E-5	0.927246	
1.9144E-5	0.779175	
1.9152E-5	0.962524	
1.916E-5	0.859375	
1.9168E-5	0.81311	
1.9176E-5	0.790161	
1.9184E-5	0.974731	
1.9192E-5	0.938477	
1.92E-5	0.999878	
1.9208E-5	0.999878	
1.9216E-5	0.979004	
1.9224E-5	0.999756	
1.9232E-5	0.999878	
1.924E-5	0.764526	
1.9248E-5	0.999878	
1.9256E-5	0.901123	
1.9264E-5	0.769287	
1.9272E-5	0.999878	
1.928E-5	0.796875	
1.9288E-5	0.999878	
1.9296E-5	0.838989	
1.9304E-5	0.961304	
1.9312E-5	0.786499	
1.932E-5	0.999878	
1.9328E-5	0.95166	
1.9336E-5	0.999756	
1.9344E-5	0.863647	
1.9352E-5	0.910156	
1.936E-5	0.927002	
1.9368E-5	0.767578	
1.9376E-5	0.769775	
1.9384E-5	0.999878	
1.9392E-5	0.999878	
1.94E-5	0.999878	
1.9408E-5	0.999878	
1.9416E-5	0.765747	
1.9424E-5	0.999878	
1.9432E-5	0.935791	
1.944E-5	0.999878	
1.9448E-5	0.999878	
1.9456E-5	0.999878	
1.9464E-5	0.871582	
1.9472E-5	0.999878	
1.948E-5	0.942749	
1.9488E-5	0.959229	
1.9496E-5	0.999878	
1.9504E-5	0.85376	
1.9512E-5	0.783813	
1.952E-5	0.790405	
1.9528E-5	0.811279	
1.9536E-5	0.882812	
1.9544E-5	0.801514	
1.9552E-5	0.903687	
1.956E-5	0.981323	
1.9568E-5	0.809326	
1.9576E-5	0.999878	
1.9584E-5	0.878174	
1.9592E-5	0.999878	
1.96E-5	0.999878	
1.9608E-5	0.968018	
1.9616E-5	0.999878	
1.9624E-5	0.854614	
1.9632E-5	0.999878	
1.964E-5	0.911865	
1.9648E-5	0.933838	
1.9656E-5	0.86145	
1.9664E-5	0.999756	
1.9672E-5	0.921509	
1.968E-5	0.880981	
1.9688E-5	0.885864	
1.9696E-5	0.854248	
1.9704E-5	0.999878	
1.9712E-5	0.912109	
1.972E-5	0.935791	
1.9728E-5	0.791992	
1.9736E-5	0.948486	
1.9744E-5	0.85022	
1.9752E-5	0.945557	
1.976E-5	0.999878	
1.9768E-5	0.973755	
1.9776E-5	0.999878	
1.9784E-5	0.893677	
1.9792E-5	-0.987793	
1.98E-5	-0.961792	
1.9808E-5	-0.800781	
1.9816E-5	-0.855591	
1.9824E-5	-1	
1.9832E-5	-0.803955	
1.984E-5	-0.784668	
1.9848E-5	-1	
1.9856E-5	-0.932983	
1.9864E-5	-1	
1.9872E-5	-0.941284	
1.988E-5	-1	
1.9888E-5	-0.876343	
1.9896E-5	-1	
1.9904E-5	-0.794922	
1.9912E-5	-0.973755	
1.992E-5	-1	
1.9928E-5	-1	
1.9936E-5	-1	
1.9944E-5	-0.889038	
1.9952E-5	-0.907349	
1.996E-5	-1	
1.9968E-5	-1	
1.9976E-5	-1	
1.9984E-5	-0.975708	
1.9992E-5	-0.943481	
2E-5	-1	
2.0008E-5	-1	
2.0016E-5	-1	
2.0024E-5	-0.868164	
2.0032E-5	-0.972168	
2.004E-5	-0.836548	
2.0048E-5	-0.881958	
2.0056E-5	-0.963257	
2.0064E-5	-0.956543	
2.0072E-5	-0.848511	
2.008E-5	-0.92627	
2.0088E-5	-0.894409	
2.0096E-5	-0.839478	
2.0104E-5	-0.966675	
2.0112E-5	-0.943726	
2.012E-5	-0.999878	
2.0128E-5	-1	
2.0136E-5	-1	
2.0144E-5	-0.830566	
2.0152E-5	-0.773804	
2.016E-5	-0.957642	
2.0168E-5	-0.78186	
2.0176E-5	-0.843384	
2.0184E-5	-1	
2.0192E-5	-0.784912	
2.02E-5	-0.928101	
2.0208E-5	-0.989868	
2.0216E-5	-0.904785	
2.0224E-5	-0.996094	
2.0232E-5	-1	
2.024E-5	-1	
2.0248E-5	-1	
2.0256E-5	-0.885864	
2.0264E-5	-1	
2.0272E-5	-1	
2.028E-5	-0.904175	
2.0288E-5	-0.833374	
2.0296E-5	-0.903198	
2.0304E-5	-1	
2.0312E-5	-0.990723	
2.032E-5	-1	
2.0328E-5	-0.968384	
2.0336E-5	-1	
2.0344E-5	-0.81897	
2.0352E-5	-0.917725	
2.036E-5	-0.779785	
2.0368E-5	-0.976929	
2.0376E-5	-1	
2.0384E-5	-0.998779	
2.0392E-5	-1	
2.04E-5	-0.913086	
2.0408E-5	-0.992065	
2.0416E-5	-1	
2.0424E-5	-1	
2.0432E-5	-0.966553	
2.044E-5	-1	
2.0448E-5	-0.910034	
2.0456E-5	-0.779419	
2.0464E-5	-1	
2.0472E-5	-1	
2.048E-5	-0.935547	
2.0488E-5	-1	
2.0496E-5	-1	
2.0504E-5	-1	
2.0512E-5	-1	
2.052E-5	-1	
2.0528E-5	-1	
2.0536E-5	-0.992065	
2.0544E-5	-0.874878	
2.0552E-5	-0.927734	
2.056E-5	-0.778198	
2.0568E-5	-0.843872	
2.0576E-5	-0.991943	
2.0584E-5	-0.924194	
2.0592E-5	-1	
2.06E-5	-0.852661	
2.0608E-5	-1	
2.0616E-5	-0.806396	
2.0624E-5	-1	
2.0632E-5	-1	
2.064E-5	-1	
2.0648E-5	-0.912842	
2.0656E-5	-1	
2.0664E-5	-0.839111	
2.0672E-5	-1	
2.068E-5	-0.97998	
2.0688E-5	-1	
2.0696E-5	-0.9646	
2.0704E-5	-1	
2.0712E-5	-0.790649	
2.072E-5	-0.970703	
2.0728E-5	-1	
2.0736E-5	-1	
2.0744E-5	-1	
2.0752E-5	-0.916138	
2.076E-5	-0.898682	
2.0768E-5	-0.889771	
2.0776E-5	-0.878662	
2.0784E-5	-0.876953	
2.0792E-5	-0.999878	
2.08E-5	-0.874268	
2.0808E-5	0.800293	
2.0816E-5	0.999878	
2.0824E-5	0.966187	
2.0832E-5	0.999878	
2.084E-5	0.999878	
2.0848E-5	0.990112	
2.0856E-5	0.869385	
2.0864E-5	0.904907	
2.0872E-5	0.999878	
2.088E-5	0.999878	
2.0888E-5	0.999878	
2.0896E-5	0.999878	
2.0904E-5	0.787964	
2.0912E-5	0.999756	
2.092E-5	0.999756	
2.0928E-5	0.999878	
2.0936E-5	0.776611	
2.0944E-5	0.98584	
2.0952E-5	0.999878	
2.096E-5	0.999878	
2.0968E-5	0.980225	
2.0976E-5	0.900391	
2.0984E-5	0.939331	
2.0992E-5	0.917969	
2.1E-5	0.999878	
2.1008E-5	0.86084	
2.1016E-5	0.804321	
2.1024E-5	0.838379	
2.1032E-5	0.959351	
2.104E-5	0.762451	
2.1048E-5	0.999878	
2.1056E-5	0.86084	
2.1064E-5	0.999878	
2.1072E-5	0.910645	
2.108E-5	0.815796	
2.1088E-5	0.999878	
2.1096E-5	0.879028	
2.1104E-5	0.999878	
2.1112E-5	0.999878	
2.112E-5	0.921265	
2.1128E-5	0.980225	
2.1136E-5	0.999878	
2.1144E-5	0.878174	
2.1152E-5	0.793579	
2.116E-5	0.883789	
2.1168E-5	0.999878	
2.1176E-5	0.871338	
2.1184E-5	0.999756	
2.1192E-5	0.838623	
2.12E-5	0.92334	
2.1208E-5	0.948853	
2.1216E-5	0.966797	
2.1224E-5	0.999878	
2.1232E-5	0.999878	
2.124E-5	0.925293	
2.1248E-5	0.999878	
2.1256E-5	0.999878	
2.1264E-5	0.866821	
2.1272E-5	0.999878	
2.128E-5	0.999878	
2.1288E-5	0.784546	
2.1296E-5	0.884155	
2.1304E-5	0.999878	
2.1312E-5	0.964844	
2.132E-5	0.970215	
2.1328E-5	0.999878	
2.1336E-5	0.834473	
2.1344E-5	0.999878	
2.1352E-5	0.970215	
2.136E-5	0.845215	
2.1368E-5	0.999878	
2.1376E-5	0.934204	
2.1384E-5	0.848877	
2.1392E-5	0.808105	
2.14E-5	0.893433	
2.1408E-5	0.999878	
2.1416E-5	0.999878	
2.1424E-5	0.963257	
2.1432E-5	0.999878	
2.144E-5	0.992798	
2.1448E-5	0.826782	
2.1456E-5	0.999878	
2.1464E-5	0.783081	
2.1472E-5	0.999878	
2.148E-5	0.999878	
2.1488E-5	0.975098	
2.1496E-5	0.999878	
2.1504E-5	0.916626	
2.1512E-5	0.952515	
2.152E-5	0.802856	
2.1528E-5	0.951904	
2.1536E-5	0.999878	
2.1544E-5	0.83252	
2.1552E-5	0.999878	
2.156E-5	0.874634	
2.1568E-5	0.999756	
2.1576E-5	0.853516	
2.1584E-5	0.889282	
2.1592E-5	0.999878	
2.16E-5	0.822388	
2.1608E-5	0.947998	
2.1616E-5	0.999878	
2.1624E-5	0.999878	
2.1632E-5	0.999878	
2.164E-5	0.826904	
2.1648E-5	0.840088	
2.1656E-5	0.81543	
2.1664E-5	0.766602	
2.1672E-5	0.911987	
2.168E-5	0.821777	
2.1688E-5	0.766479	
2.1696E-5	0.960205	
2.1704E-5	0.999878	
2.1712E-5	0.883179	
2.172E-5	0.999878	
2.1728E-5	0.767822	
2.1736E-5	0.999878	
2.1744E-5	0.999878	
2.1752E-5	0.999756	
2.176E-5	0.942017	
2.1768E-5	0.822632	
2.1776E-5	0.999878	
2.1784E-5	0.964355	
2.1792E-5	0.999878	
2.18E-5	0.891724	
2.1808E-5	0.990234	
2.1816E-5	0.999878	
2.1824E-5	-0.916504	
2.1832E-5	-0.939941	
2.184E-5	-0.922729	
2.1848E-5	-0.887451	
2.1856E-5	-1	
2.1864E-5	-1	
2.1872E-5	-0.929687	
2.188E-5	-0.923218	
2.1888E-5	-1	
2.1896E-5	-1	
2.1904E-5	-0.916748	
2.1912E-5	-0.830688	
2.192E-5	-1	
2.1928E-5	-0.935181	
2.1936E-5	-0.998413	
2.1944E-5	-0.942993	
2.1952E-5	-0.929687	
2.196E-5	-1	
2.1968E-5	-0.960205	
2.1976E-5	-1	
2.1984E-5	-1	
2.1992E-5	-0.778198	
2.2E-5	-1	
2.2008E-5	-0.839111	
2.2016E-5	-1	
2.2024E-5	-0.819946	
2.2032E-5	-1	
2.204E-5	-0.908447	
2.2048E-5	-0.999878	
2.2056E-5	-0.977539	
2.2064E-5	-0.934814	
2.2072E-5	-0.810669	
2.208E-5	-0.841553	
2.2088E-5	-0.864746	
2.2096E-5	-0.940918	
2.2104E-5	-0.942749	
2.2112E-5	-0.997192	
2.212E-5	-1	
2.2128E-5	-0.916016	
2.2136E-5	-0.796631	
2.2144E-5	-0.929443	
2.2152E-5	-0.903687	
2.216E-5	-0.999878	
2.2168E-5	-0.951538	
2.2176E-5	-1	
2.2184E-5	-1	
2.2192E-5	-0.894897	
2.22E-5	-0.808228	
2.2208E-5	-0.909058	
2.2216E-5	-0.88855	
2.2224E-5	-0.952515	
2.2232E-5	-0.784058	
2.224E-5	-1	
2.2248E-5	-1	
2.2256E-5	-0.821045	
2.2264E-5	-1	
2.2272E-5	-1	
2.228E-5	-0.790527	
2.2288E-5	-0.908691	
2.2296E-5	-0.917847	
2.2304E-5	-0.783203	
2.2312E-5	-1	
2.232E-5	-0.937866	
2.2328E-5	-1	
2.2336E-5	-1	
2.2344E-5	-1	
2.2352E-5	-0.913574	
2.236E-5	-0.856323	
2.2368E-5	-0.946045	
2.2376E-5	-1	
2.2384E-5	-0.92981	
2.2392E-5	-0.880615	
2.24E-5	-1	
2.2408E-5	-1	
2.2416E-5	-1	
2.2424E-5	-1	
2.2432E-5	-1	
2.244E-5	-0.827393	
2.2448E-5	-1	
2.2456E-5	-0.940063	
2.2464E-5	-0.988647	
2.2472E-5	-0.968506	
2.248E-5	-1	
2.2488E-5	-1	
2.2496E-5	-0.929443	
2.2504E-5	-0.927002	
2.2512E-5	-0.798096	
2.252E-5	-0.976929	
2.2528E-5	-0.796753	
2.2536E-5	-0.797852	
2.2544E-5	-1	
2.2552E-5	-1	
2.256E-5	-0.959351	
2.2568E-5	-0.798462	
2.2576E-5	-1	
2.2584E-5	-1	
2.2592E-5	-0.823608	
2.26E-5	-0.932007	
2.2608E-5	-0.78894	
2.2616E-5	-1	
2.2624E-5	-1	
2.2632E-5	-0.801514	
2.264E-5	-0.981934	
2.2648E-5	-1	
2.2656E-5	-1	
2.2664E-5	-1	
2.2672E-5	-1	
2.268E-5	-0.923096	
2.2688E-5	-0.856079	
2.2696E-5	-0.98584	
2.2704E-5	-0.86438	
2.2712E-5	-1	
2.272E-5	-0.970215	
2.2728E-5	-0.882568	
2.2736E-5	-0.851318	
2.2744E-5	-1	
2.2752E-5	-0.969727	
2.276E-5	-0.957642	
2.2768E-5	-0.874512	
2.2776E-5	-0.995239	
2.2784E-5	-0.905273	
2.2792E-5	-0.923218	
2.28E-5	-0.982056	
2.2808E-5	-0.9021	
2.2816E-5	-0.957031	
2.2824E-5	-0.875	
2.2832E-5	-0.97522	
2.284E-5	0.831787	
2.2848E-5	0.820435	
2.2856E-5	0.999878	
2.2864E-5	0.998901	
2.2872E-5	0.939941	
2.288E-5	0.877441	
2.2888E-5	0.999878	
2.2896E-5	0.912231	
2.2904E-5	0.999878	
2.2912E-5	0.999878	
2.292E-5	0.889526	
2.2928E-5	0.982422	
2.2936E-5	0.985718	
2.2944E-5	0.968872	
2.2952E-5	0.921265	
2.296E-5	0.999878	
2.2968E-5	0.887573	
2.2976E-5	0.834839	
2.2984E-5	0.82959	
2.2992E-5	0.999878	
2.3E-5	0.999878	
2.3008E-5	0.860352	
2.3016E-5	0.787354	
2.3024E-5	0.999878	
2.3032E-5	0.999878	
2.304E-5	0.999878	
2.3048E-5	0.783081	
2.3056E-5	0.999878	
2.3064E-5	0.999756	
2.3072E-5	0.903442	
2.308E-5	0.910034	
2.3088E-5	0.999756	
2.3096E-5	0.929077	
2.3104E-5	0.83374	
2.3112E-5	0.81189	
2.312E-5	0.999878	
2.3128E-5	0.960571	
2.3136E-5	0.973389	
2.3144E-5	0.974854	
2.3152E-5	0.999878	
2.316E-5	0.999878	
2.3168E-5	0.990356	
2.3176E-5	0.938599	
2.3184E-5	0.999756	
2.3192E-5	0.999756	
2.32E-5	0.893799	
2.3208E-5	0.999878	
2.3216E-5	0.799194	
2.3224E-5	0.785278	
2.3232E-5	0.999878	
2.324E-5	0.94519	
2.3248E-5	0.824341	
2.3256E-5	0.999878	
2.3264E-5	0.971191	
2.3272E-5	0.937988	
2.328E-5	0.999878	
2.3288E-5	0.973999	
2.3296E-5	0.999878	
2.3304E-5	0.995972	
2.3312E-5	0.944214	
2.332E-5	0.987427	
2.3328E-5	0.789673	
2.3336E-5	0.923462	
2.3344E-5	0.999878	
2.3352E-5	0.945312	
2.336E-5	0.999878	
2.3368E-5	0.999878	
2.3376E-5	0.912964	
2.3384E-5	0.776001	
2.3392E-5	0.999878	
2.34E-5	0.95874	
2.3408E-5	0.928345	
2.3416E-5	0.911621	
2.3424E-5	0.934082	
2.3432E-5	0.999878	
2.344E-5	0.872437	
2.3448E-5	0.999878	
2.3456E-5	0.999878	
2.3464E-5	0.850708	
2.3472E-5	0.78833	
2.348E-5	0.896118	
2.3488E-5	0.847046	
2.3496E-5	0.999878	
2.3504E-5	0.996582	
2.3512E-5	0.999878	
2.352E-5	0.793823	
2.3528E-5	0.999878	
2.3536E-5	0.999878	
2.3544E-5	0.999878	
2.3552E-5	0.999878	
2.356E-5	0.999878	
2.3568E-5	0.999878	
2.3576E-5	0.964844	
2.3584E-5	0.815186	
2.3592E-5	0.999878	
2.36E-5	0.931274	
2.3608E-5	0.866699	
2.3616E-5	0.919189	
2.3624E-5	0.805664	
2.3632E-5	0.935913	
2.364E-5	0.864624	
2.3648E-5	0.910645	
2.3656E-5	0.953491	
2.3664E-5	0.999878	
2.3672E-5	0.999878	
2.368E-5	0.833374	
2.3688E-5	0.999878	
2.3696E-5	0.845703	
2.3704E-5	0.996826	
2.3712E-5	0.990479	
2.372E-5	0.989624	
2.3728E-5	0.98584	
2.3736E-5	0.903076	
2.3744E-5	0.924683	
2.3752E-5	0.999878	
2.376E-5	0.999878	
2.3768E-5	0.81958	
2.3776E-5	0.991577	
2.3784E-5	0.999878	
2.3792E-5	0.850586	
2.38E-5	0.809937	
2.3808E-5	0.999878	
2.3816E-5	0.999878	
2.3824E-5	0.918701	
2.3832E-5	0.995728	
2.384E-5	0.999878	
2.3848E-5	0.870972	
2.3856E-5	-1	
2.3864E-5	-0.826782	
2.3872E-5	-0.791992	
2.388E-5	-0.969482	
2.3888E-5	-0.789795	
2.3896E-5	-0.810425	
2.3904E-5	-1	
2.3912E-5	-0.946167	
2.392E-5	-1	
2.3928E-5	-0.89209	
2.3936E-5	-1	
2.3944E-5	-0.919434	
2.3952E-5	-0.88916	
2.396E-5	-1	
2.3968E-5	-0.845703	
2.3976E-5	-0.949585	
2.3984E-5	-1	
2.3992E-5	-0.992554	
2.4E-5	-1	
2.4008E-5	-0.868286	
2.4016E-5	-0.910767	
2.4024E-5	-0.993652	
2.4032E-5	-1	
2.404E-5	-0.796265	
2.4048E-5	-0.780151	
2.4056E-5	-0.959473	
2.4064E-5	-0.951416	
2.4072E-5	-0.998047	
2.408E-5	-1	
2.4088E-5	-0.821167	
2.4096E-5	-0.97644	
2.4104E-5	-0.889404	
2.4112E-5	-1	
2.412E-5	-1	
2.4128E-5	-0.991821	
2.4136E-5	-0.977905	
2.4144E-5	-0.886108	
2.4152E-5	-0.809937	
2.416E-5	-0.999878	
2.4168E-5	-0.931519	
2.4176E-5	-0.80835	
2.4184E-5	-0.999878	
2.4192E-5	-0.863647	
2.42E-5	-0.856812	
2.4208E-5	-1	
2.4216E-5	-1	
2.4224E-5	-0.949463	
2.4232E-5	-1	
2.424E-5	-0.981201	
2.4248E-5	-0.7948	
2.4256E-5	-0.899292	
2.4264E-5	-0.93396	
2.4272E-5	-0.970825	
2.428E-5	-1	
2.4288E-5	-1	
2.4296E-5	-1	
2.4304E-5	-0.854004	
2.4312E-5	-0.849365	
2.432E-5	-0.918579	
2.4328E-5	-0.999878	
2.4336E-5	-1	
2.4344E-5	-1	
2.4352E-5	-0.893066	
2.436E-5	-0.884766	
2.4368E-5	-0.811646	
2.4376E-5	-0.873901	
2.4384E-5	-1	
2.4392E-5	-0.994629	
2.44E-5	-0.921387	
2.4408E-5	-0.863525	
2.4416E-5	-0.884644	
2.4424E-5	-0.890137	
2.4432E-5	-1	
2.444E-5	-0.83667	
2.4448E-5	-1	
2.4456E-5	-0.876587	
2.4464E-5	-0.959839	
2.4472E-5	-0.839233	
2.448E-5	-0.924927	
2.4488E-5	-0.859375	
2.4496E-5	-0.89856	
2.4504E-5	-0.946777	
2.4512E-5	-0.941162	
2.452E-5	-0.907593	
2.4528E-5	-0.781006	
2.4536E-5	-0.937134	
2.4544E-5	-0.981079	
2.4552E-5	-1	
2.456E-5	-0.978516	
2.4568E-5	-0.985352	
2.4576E-5	-1	
2.4584E-5	-0.893555	
2.4592E-5	-0.896973	
2.46E-5	-0.999878	
2.4608E-5	-1	
2.4616E-5	-1	
2.4624E-5	-0.849243	
2.4632E-5	-0.85022	
2.464E-5	-1	
2.4648E-5	-1	
2.4656E-5	-0.980469	
2.4664E-5	-1	
2.4672E-5	-1	
2.468E-5	-0.821533	
2.4688E-5	-1	
2.4696E-5	-0.939697	
2.4704E-5	-0.90271	
2.4712E-5	-1	
2.472E-5	-1	
2.4728E-5	-1	
2.4736E-5	-1	
2.4744E-5	-0.852173	
2.4752E-5	-1	
2.476E-5	-0.802612	
2.4768E-5	-0.804687	
2.4776E-5	-1	
2.4784E-5	-0.893311	
2.4792E-5	-0.934937	
2.48E-5	-0.943359	
2.4808E-5	-0.919312	
2.4816E-5	-0.797729	
2.4824E-5	-0.959961	
2.4832E-5	-1	
2.484E-5	-0.786987	
2.4848E-5	-0.813477	
2.4856E-5	-0.777344	
2.4864E-5	-0.917725	
2.4872E-5	0.862671	
2.488E-5	0.999756	
2.4888E-5	0.999878	
2.4896E-5	0.959229	
2.4904E-5	0.79895	
2.4912E-5	0.999878	
2.492E-5	0.999878	
2.4928E-5	0.776978	
2.4936E-5	0.831665	
2.4944E-5	0.990356	
2.4952E-5	0.897827	
2.496E-5	0.999878	
2.4968E-5	0.974121	
2.4976E-5	0.999878	
2.4984E-5	0.857544	
2.4992E-5	0.999878	
2.5E-5	0.999878	
2.5008E-5	0.773315	
2.5016E-5	0.999878	
2.5024E-5	0.999878	
2.5032E-5	0.766235	
2.504E-5	0.78479	
2.5048E-5	0.999878	
2.5056E-5	0.999878	
2.5064E-5	0.999878	
2.5072E-5	0.917969	
2.508E-5	0.999878	
2.5088E-5	0.964233	
2.5096E-5	0.830078	
2.5104E-5	0.985107	
2.5112E-5	0.999756	
2.512E-5	0.999878	
2.5128E-5	0.999756	
2.5136E-5	0.833008	
2.5144E-5	0.999878	
2.5152E-5	0.967651	
2.516E-5	0.856567	
2.5168E-5	0.999878	
2.5176E-5	0.950684	
2.5184E-5	0.999878	
2.5192E-5	0.999878	
2.52E-5	0.999878	
2.5208E-5	0.779541	
2.5216E-5	0.89917	
2.5224E-5	0.887207	
2.5232E-5	0.999878	
2.524E-5	0.971191	
2.5248E-5	0.999756	
2.5256E-5	0.999878	
2.5264E-5	0.865723	
2.5272E-5	0.999878	
2.528E-5	0.999878	
2.5288E-5	0.999878	
2.5296E-5	0.967896	
2.5304E-5	0.999878	
2.5312E-5	0.942749	
2.532E-5	0.999878	
2.5328E-5	0.860107	
2.5336E-5	0.917358	
2.5344E-5	0.933105	
2.5352E-5	0.999878	
2.536E-5	0.773682	
2.5368E-5	0.999878	
2.5376E-5	0.862183	
2.5384E-5	0.839966	
2.5392E-5	0.999878	
2.54E-5	0.933472	
2.5408E-5	0.999878	
2.5416E-5	0.809326	
2.5424E-5	0.999878	
2.5432E-5	0.999878	
2.544E-5	0.972656	
2.5448E-5	0.953369	
2.5456E-5	0.967163	
2.5464E-5	0.765625	
2.5472E-5	0.999878	
2.548E-5	0.999878	
2.5488E-5	0.984131	
2.5496E-5	0.999878	
2.5504E-5	0.999878	
2.5512E-5	0.90686	
2.552E-5	0.928345	
2.5528E-5	0.882812	
2.5536E-5	0.999878	
2.5544E-5	0.949707	
2.5552E-5	0.952637	
2.556E-5	0.888672	
2.5568E-5	0.999878	
2.5576E-5	0.889404	
2.5584E-5	0.779541	
2.5592E-5	0.99646	
2.56E-5	0.999756	
2.5608E-5	0.963867	
2.5616E-5	0.999878	
2.5624E-5	0.804565	
2.5632E-5	0.879272	
2.564E-5	0.999756	
2.5648E-5	0.929199	
2.5656E-5	0.982666	
2.5664E-5	0.999878	
2.5672E-5	0.999878	
2.568E-5	0.958496	
2.5688E-5	0.999878	
2.5696E-5	0.924438	
2.5704E-5	0.999878	
2.5712E-5	0.999756	
2.572E-5	0.888794	
2.5728E-5	0.999878	
2.5736E-5	0.870728	
2.5744E-5	0.999878	
2.5752E-5	0.984985	
2.576E-5	0.780151	
2.5768E-5	0.999878	
2.5776E-5	0.999878	
2.5784E-5	0.770142	
2.5792E-5	0.935303	
2.58E-5	0.999756	
2.5808E-5	0.877075	
2.5816E-5	0.993652	
2.5824E-5	0.939697	
2.5832E-5	0.93396	
2.584E-5	0.980103	
2.5848E-5	0.999878	
2.5856E-5	0.867065	
2.5864E-5	0.91394	
2.5872E-5	0.849609	
2.588E-5	0.888428	
2.5888E-5	-0.854126	
2.5896E-5	-0.984741	
2.5904E-5	-0.905762	
2.5912E-5	-0.97876	
2.592E-5	-1	
2.5928E-5	-1	
2.5936E-5	-1	
2.5944E-5	-0.906128	
2.5952E-5	-0.793823	
2.596E-5	-1	
2.5968E-5	-0.980103	
2.5976E-5	-0.867554	
2.5984E-5	-0.806519	
2.5992E-5	-0.783936	
2.6E-5	-0.927368	
2.6008E-5	-1	
2.6016E-5	-0.888794	
2.6024E-5	-0.791382	
2.6032E-5	-0.975464	
2.604E-5	-1	
2.6048E-5	-0.871216	
2.6056E-5	-0.78833	
2.6064E-5	-1	
2.6072E-5	-0.852783	
2.608E-5	-0.879639	
2.6088E-5	-0.913452	
2.6096E-5	-0.834106	
2.6104E-5	-0.867432	
2.6112E-5	-0.955566	
2.612E-5	-0.89978	
2.6128E-5	-0.872559	
2.6136E-5	-0.846069	
2.6144E-5	-0.900146	
2.6152E-5	-0.781616	
2.616E-5	-0.790894	
2.6168E-5	-1	
2.6176E-5	-0.927856	
2.6184E-5	-1	
2.6192E-5	-0.781982	
2.62E-5	-1	
2.6208E-5	-0.819458	
2.6216E-5	-0.928833	
2.6224E-5	-1	
2.6232E-5	-0.934326	
2.624E-5	-0.890381	
2.6248E-5	-0.814209	
2.6256E-5	-1	
2.6264E-5	-1	
2.6272E-5	-0.929077	
2.628E-5	-0.87915	
2.6288E-5	-1	
2.6296E-5	-0.905762	
2.6304E-5	-0.808472	
2.6312E-5	-0.893555	
2.632E-5	-0.969727	
2.6328E-5	-0.978516	
2.6336E-5	-1	
2.6344E-5	-1	
2.6352E-5	-1	
2.636E-5	-0.831543	
2.6368E-5	-1	
2.6376E-5	-0.841675	
2.6384E-5	-0.989136	
2.6392E-5	-0.955566	
2.64E-5	-1	
2.6408E-5	-1	
2.6416E-5	-0.826294	
2.6424E-5	-1	
2.6432E-5	-0.987305	
2.644E-5	-0.944946	
2.6448E-5	-0.846924	
2.6456E-5	-0.800415	
2.6464E-5	-1	
2.6472E-5	-0.92981	
2.648E-5	-1	
2.6488E-5	-0.843384	
2.6496E-5	-0.913208	
2.6504E-5	-0.972168	
2.6512E-5	-0.991211	
2.652E-5	-0.898437	
2.6528E-5	-1	
2.6536E-5	-0.80542	
2.6544E-5	-0.81604	
2.6552E-5	-0.817627	
2.656E-5	-0.796143	
2.6568E-5	-0.946899	
2.6576E-5	-1	
2.6584E-5	-0.921875	
2.6592E-5	-0.944824	
2.66E-5	-0.901367	
2.6608E-5	-0.963989	
2.6616E-5	-0.822876	
2.6624E-5	-0.79126	
2.6632E-5	-0.880859	
2.664E-5	-0.855835	
2.6648E-5	-0.996948	
2.6656E-5	-0.886597	
2.6664E-5	-0.899292	
2.6672E-5	-1	
2.668E-5	-1	
2.6688E-5	-0.982666	
2.6696E-5	-1	
2.6704E-5	-1	
2.6712E-5	-0.77832	
2.672E-5	-0.908325	
2.6728E-5	-0.95813	
2.6736E-5	-0.887329	
2.6744E-5	-1	
2.6752E-5	-0.919678	
2.676E-5	-1	
2.6768E-5	-0.825928	
2.6776E-5	-0.898437	
2.6784E-5	-0.963867	
2.6792E-5	-0.853394	
2.68E-5	-1	
2.6808E-5	-0.846436	
2.6816E-5	-0.910767	
2.6824E-5	-0.845581	
2.6832E-5	-0.835571	
2.684E-5	-0.911011	
2.6848E-5	-0.953857	
2.6856E-5	-1	
2.6864E-5	-0.817749	
2.6872E-5	-0.774658	
2.688E-5	-0.976318	
2.6888E-5	-0.999878	
2.6896E-5	-0.859741	
2.6904E-5	0.808594	
2.6912E-5	0.855835	
2.692E-5	0.999878	
2.6928E-5	0.775269	
2.6936E-5	0.999878	
2.6944E-5	0.786621	
2.6952E-5	0.882812	
2.696E-5	0.999878	
2.6968E-5	0.999878	
2.6976E-5	0.905273	
2.6984E-5	0.956177	
2.6992E-5	0.783325	
2.7E-5	0.999878	
2.7008E-5	0.999756	
2.7016E-5	0.974121	
2.7024E-5	0.796753	
2.7032E-5	0.843994	
2.704E-5	0.811768	
2.7048E-5	0.776733	
2.7056E-5	0.999756	
2.7064E-5	0.925293	
2.7072E-5	0.987061	
2.708E-5	0.985718	
2.7088E-5	0.825806	
2.7096E-5	0.877686	
2.7104E-5	0.999878	
2.7112E-5	0.999878	
2.712E-5	0.999878	
2.7128E-5	0.789795	
2.7136E-5	0.851196	
2.7144E-5	0.799438	
2.7152E-5	0.999878	
2.716E-5	0.999878	
2.7168E-5	0.993042	
2.7176E-5	0.999878	
2.7184E-5	0.934448	
2.7192E-5	0.999878	
2.72E-5	0.993774	
2.7208E-5	0.858032	
2.7216E-5	0.970215	
2.7224E-5	0.994141	
2.7232E-5	0.94812	
2.724E-5	0.999878	
2.7248E-5	0.999878	
2.7256E-5	0.992187	
2.7264E-5	0.772217	
2.7272E-5	0.847778	
2.728E-5	0.999878	
2.7288E-5	0.849487	
2.7296E-5	0.863403	
2.7304E-5	0.999878	
2.7312E-5	0.813232	
2.732E-5	0.999878	
2.7328E-5	0.889526	
2.7336E-5	0.999878	
2.7344E-5	0.907471	
2.7352E-5	0.999756	
2.736E-5	0.995361	
2.7368E-5	0.832275	
2.7376E-5	0.999878	
2.7384E-5	0.977295	
2.7392E-5	0.865845	
2.74E-5	0.956543	
2.7408E-5	0.999756	
2.7416E-5	0.913696	
2.7424E-5	0.999878	
2.7432E-5	0.931885	
2.744E-5	0.999878	
2.7448E-5	0.803467	
2.7456E-5	0.827026	
2.7464E-5	0.838135	
2.7472E-5	0.999878	
2.748E-5	0.769043	
2.7488E-5	0.807373	
2.7496E-5	0.979614	
2.7504E-5	0.883789	
2.7512E-5	0.856079	
2.752E-5	0.999878	
2.7528E-5	0.999878	
2.7536E-5	0.999878	
2.7544E-5	0.936035	
2.7552E-5	0.999756	
2.756E-5	0.876343	
2.7568E-5	0.935913	
2.7576E-5	0.928467	
2.7584E-5	0.788086	
2.7592E-5	0.999756	
2.76E-5	0.936646	
2.7608E-5	0.999878	
2.7616E-5	0.984985	
2.7624E-5	0.859619	
2.7632E-5	0.957764	
2.764E-5	0.998413	
2.7648E-5	0.999756	
2.7656E-5	0.941162	
2.7664E-5	0.999878	
2.7672E-5	0.999756	
2.768E-5	0.999756	
2.7688E-5	0.833984	
2.7696E-5	0.93103	
2.7704E-5	0.999878	
2.7712E-5	0.999878	
2.772E-5	0.924072	
2.7728E-5	0.877563	
2.7736E-5	0.890869	
2.7744E-5	0.966064	
2.7752E-5	0.781006	
2.776E-5	0.813232	
2.7768E-5	0.999878	
2.7776E-5	0.999878	
2.7784E-5	0.814087	
2.7792E-5	0.938843	
2.78E-5	0.976074	
2.7808E-5	0.999878	
2.7816E-5	0.894043	
2.7824E-5	0.999878	
2.7832E-5	0.958496	
2.784E-5	0.999878	
2.7848E-5	0.817017	
2.7856E-5	0.90332	
2.7864E-5	0.999756	
2.7872E-5	0.999878	
2.788E-5	0.913086	
2.7888E-5	0.979248	
2.7896E-5	0.766846	
2.7904E-5	0.993164	
2.7912E-5	0.796509	
2.792E-5	-0.782227	
2.7928E-5	-1	
2.7936E-5	-0.785522	
2.7944E-5	-0.86853	
2.7952E-5	-0.997681	
2.796E-5	-1	
2.7968E-5	-1	
2.7976E-5	-0.798462	
2.7984E-5	-0.896973	
2.7992E-5	-0.959473	
2.8E-5	-1	
2.8008E-5	-0.978271	
2.8016E-5	-0.889526	
2.8024E-5	-1	
2.8032E-5	-0.77832	
2.804E-5	-1	
2.8048E-5	-1	
2.8056E-5	-1	
2.8064E-5	-1	
2.8072E-5	-0.807983	
2.808E-5	-0.965454	
2.8088E-5	-0.89624	
2.8096E-5	-0.813965	
2.8104E-5	-0.79541	
2.8112E-5	-1	
2.812E-5	-0.845825	
2.8128E-5	-0.924561	
2.8136E-5	-0.999878	
2.8144E-5	-0.93457	
2.8152E-5	-1	
2.816E-5	-0.957031	
2.8168E-5	-0.869385	
2.8176E-5	-1	
2.8184E-5	-0.781982	
2.8192E-5	-1	
2.82E-5	-1	
2.8208E-5	-0.892944	
2.8216E-5	-0.96521	
2.8224E-5	-0.9104	
2.8232E-5	-0.970215	
2.824E-5	-1	
2.8248E-5	-0.858887	
2.8256E-5	-1	
2.8264E-5	-1	
2.8272E-5	-0.988892	
2.828E-5	-1	
2.8288E-5	-0.907959	
2.8296E-5	-1	
2.8304E-5	-0.973999	
2.8312E-5	-0.934448	
2.832E-5	-0.915039	
2.8328E-5	-1	
2.8336E-5	-1	
2.8344E-5	-0.919312	
2.8352E-5	-0.898804	
2.836E-5	-1	
2.8368E-5	-1	
2.8376E-5	-1	
2.8384E-5	-0.804077	
2.8392E-5	-0.81897	
2.84E-5	-1	
2.8408E-5	-0.77832	
2.8416E-5	-0.829346	
2.8424E-5	-1	
2.8432E-5	-1	
2.844E-5	-1	
2.8448E-5	-0.876587	
2.8456E-5	-0.796875	
2.8464E-5	-1	
2.8472E-5	-0.991943	
2.848E-5	-1	
2.8488E-5	-0.92981	
2.8496E-5	-1	
2.8504E-5	-0.836182	
2.8512E-5	-1	
2.852E-5	-1	
2.8528E-5	-1	
2.8536E-5	-1	
2.8544E-5	-0.821411	
2.8552E-5	-0.946411	
2.856E-5	-0.893433	
2.8568E-5	-1	
2.8576E-5	-1	
2.8584E-5	-1	
2.8592E-5	-0.904175	
2.86E-5	-1	
2.8608E-5	-0.822266	
2.8616E-5	-1	
2.8624E-5	-1	
2.8632E-5	-0.799561	
2.864E-5	-1	
2.8648E-5	-1	
2.8656E-5	-0.827759	
2.8664E-5	-1	
2.8672E-5	-1	
2.868E-5	-1	
2.8688E-5	-1	
2.8696E-5	-0.830566	
2.8704E-5	-0.999878	
2.8712E-5	-0.853638	
2.872E-5	-0.856689	
2.8728E-5	-0.936768	
2.8736E-5	-0.955566	
2.8744E-5	-0.929199	
2.8752E-5	-1	
2.876E-5	-0.859985	
2.8768E-5	-0.847778	
2.8776E-5	-0.8125	
2.8784E-5	-1	
2.8792E-5	-0.942017	
2.88E-5	-0.999878	
2.8808E-5	-1	
2.8816E-5	-1	
2.8824E-5	-1	
2.8832E-5	-0.987793	
2.884E-5	-0.97644	
2.8848E-5	-0.843994	
2.8856E-5	-1	
2.8864E-5	-0.796753	
2.8872E-5	-0.848877	
2.888E-5	-1	
2.8888E-5	-0.851318	
2.8896E-5	-0.887207	
2.8904E-5	-0.865112	
2.8912E-5	-1	
2.892E-5	-0.978882	
2.8928E-5	-0.944336	
2.8936E-5	0.999878	
2.8944E-5	0.999878	
2.8952E-5	0.999756	
2.896E-5	0.999878	
2.8968E-5	0.999878	
2.8976E-5	0.960327	
2.8984E-5	0.999878	
2.8992E-5	0.796875	
2.9E-5	0.947632	
2.9008E-5	0.999878	
2.9016E-5	0.769897	
2.9024E-5	0.998535	
2.9032E-5	0.999878	
2.904E-5	0.965576	
2.9048E-5	0.926025	
2.9056E-5	0.938477	
2.9064E-5	0.916138	
2.9072E-5	0.952881	
2.908E-5	0.786743	
2.9088E-5	0.994141	
2.9096E-5	0.924438	
2.9104E-5	0.776489	
2.9112E-5	0.835205	
2.912E-5	0.805664	
2.9128E-5	0.999878	
2.9136E-5	0.999756	
2.9144E-5	0.991333	
2.9152E-5	0.999878	
2.916E-5	0.999878	
2.9168E-5	0.891113	
2.9176E-5	0.888062	
2.9184E-5	0.813843	
2.9192E-5	0.999878	
2.92E-5	0.797607	
2.9208E-5	0.843506	
2.9216E-5	0.880249	
2.9224E-5	0.872314	
2.9232E-5	0.985596	
2.924E-5	0.999878	
2.9248E-5	0.999878	
2.9256E-5	0.835937	
2.9264E-5	0.968872	
2.9272E-5	0.930054	
2.928E-5	0.921265	
2.9288E-5	0.999756	
2.9296E-5	0.999878	
2.9304E-5	0.999878	
2.9312E-5	0.999878	
2.932E-5	0.851562	
2.9328E-5	0.999878	
2.9336E-5	0.894897	
2.9344E-5	0.971924	
2.9352E-5	0.999878	
2.936E-5	0.938965	
2.9368E-5	0.782593	
2.9376E-5	0.937622	
2.9384E-5	0.999878	
2.9392E-5	0.945801	
2.94E-5	0.999878	
2.9408E-5	0.875366	
2.9416E-5	0.927612	
2.9424E-5	0.892456	
2.9432E-5	0.977539	
2.944E-5	0.977661	
2.9448E-5	0.999878	
2.9456E-5	0.889893	
2.9464E-5	0.924561	
2.9472E-5	0.841675	
2.948E-5	0.835815	
2.9488E-5	0.999878	
2.9496E-5	0.764526	
2.9504E-5	0.805542	
2.9512E-5	0.849731	
2.952E-5	0.972046	
2.9528E-5	0.860596	
2.9536E-5	0.999878	
2.9544E-5	0.999878	
2.9552E-5	0.990723	
2.956E-5	0.999878	
2.9568E-5	0.999878	
2.9576E-5	0.893677	
2.9584E-5	0.999878	
2.9592E-5	0.806152	
2.96E-5	0.990601	
2.9608E-5	0.785767	
2.9616E-5	0.999878	
2.9624E-5	0.87146	
2.9632E-5	0.999878	
2.964E-5	0.999878	
2.9648E-5	0.870117	
2.9656E-5	0.999634	
2.9664E-5	0.948975	
2.9672E-5	0.999878	
2.968E-5	0.851562	
2.9688E-5	0.922607	
2.9696E-5	0.999878	
2.9704E-5	0.999878	
2.9712E-5	0.978394	
2.972E-5	0.823486	
2.9728E-5	0.763916	
2.9736E-5	0.999878	
2.9744E-5	0.869873	
2.9752E-5	0.916382	
2.976E-5	0.999756	
2.9768E-5	0.999878	
2.9776E-5	0.999878	
2.9784E-5	0.810303	
2.9792E-5	0.790894	
2.98E-5	0.999878	
2.9808E-5	0.999878	
2.9816E-5	0.793823	
2.9824E-5	0.931274	
2.9832E-5	0.992798	
2.984E-5	0.894653	
2.9848E-5	0.812866	
2.9856E-5	0.999878	
2.9864E-5	0.770508	
2.9872E-5	0.765259	
2.988E-5	0.924316	
2.9888E-5	0.829712	
2.9896E-5	0.999878	
2.9904E-5	0.999878	
2.9912E-5	0.989502	
2.992E-5	0.817383	
2.9928E-5	0.9729	
2.9936E-5	0.778442	
2.9944E-5	0.999878	
2.9952E-5	-0.999878	
2.996E-5	-0.803711	
2.9968E-5	-1	
2.9976E-5	-0.812378	
2.9984E-5	-0.87561	
2.9992E-5	-1	
3E-5	-0.957397	
3.0008E-5	-0.974609	
3.0016E-5	-0.998779	
3.0024E-5	-0.926636	
3.0032E-5	-0.925049	
3.004E-5	-1	
3.0048E-5	-0.858032	
3.0056E-5	-1	
3.0064E-5	-0.823486	
3.0072E-5	-1	
3.008E-5	-0.911621	
3.0088E-5	-0.999878	
3.0096E-5	-1	
3.0104E-5	-1	
3.0112E-5	-0.964355	
3.012E-5	-0.968628	
3.0128E-5	-0.80249	
3.0136E-5	-1	
3.0144E-5	-0.837769	
3.0152E-5	-0.857544	
3.016E-5	-0.785156	
3.0168E-5	-1	
3.0176E-5	-0.778564	
3.0184E-5	-0.982422	
3.0192E-5	-1	
3.02E-5	-1	
3.0208E-5	-0.823853	
3.0216E-5	-0.885132	
3.0224E-5	-1	
3.0232E-5	-0.782104	
3.024E-5	-0.816528	
3.0248E-5	-0.80835	
3.0256E-5	-1	
3.0264E-5	-0.922363	
3.0272E-5	-0.815674	
3.028E-5	-0.807251	
3.0288E-5	-1	
3.0296E-5	-0.991455	
3.0304E-5	-1	
3.0312E-5	-1	
3.032E-5	-1	
3.0328E-5	-1	
3.0336E-5	-0.786499	
3.0344E-5	-0.992676	
3.0352E-5	-0.983521	
3.036E-5	-0.914185	
3.0368E-5	-0.780396	
3.0376E-5	-0.814819	
3.0384E-5	-0.909058	
3.0392E-5	-1	
3.04E-5	-0.999878	
3.0408E-5	-0.838745	
3.0416E-5	-0.813232	
3.0424E-5	-0.852783	
3.0432E-5	-0.820312	
3.044E-5	-0.999878	
3.0448E-5	-0.939941	
3.0456E-5	-0.860596	
3.0464E-5	-1	
3.0472E-5	-0.776611	
3.048E-5	-1	
3.0488E-5	-0.87854	
3.0496E-5	-0.888916	
3.0504E-5	-0.922974	
3.0512E-5	-0.802979	
3.052E-5	-0.947388	
3.0528E-5	-0.995605	
3.0536E-5	-0.913574	
3.0544E-5	-0.999878	
3.0552E-5	-1	
3.056E-5	-1	
3.0568E-5	-1	
3.0576E-5	-1	
3.0584E-5	-0.918945	
3.0592E-5	-1	
3.06E-5	-0.778931	
3.0608E-5	-1	
3.0616E-5	-1	
3.0624E-5	-0.813477	
3.0632E-5	-1	
3.064E-5	-0.852783	
3.0648E-5	-0.786499	
3.0656E-5	-0.885986	
3.0664E-5	-0.859985	
3.0672E-5	-1	
3.068E-5	-1	
3.0688E-5	-0.895996	
3.0696E-5	-0.790894	
3.0704E-5	-1	
3.0712E-5	-1	
3.072E-5	-1	
3.0728E-5	-0.843384	
3.0736E-5	-1	
3.0744E-5	-1	
3.0752E-5	-0.824097	
3.076E-5	-0.82312	
3.0768E-5	-0.794067	
3.0776E-5	-0.999878	
3.0784E-5	-0.831177	
3.0792E-5	-1	
3.08E-5	-1	
3.0808E-5	-1	
3.0816E-5	-1	
3.0824E-5	-1	
3.0832E-5	-1	
3.084E-5	-0.997314	
3.0848E-5	-0.878174	
3.0856E-5	-0.831665	
3.0864E-5	-1	
3.0872E-5	-0.798218	
3.088E-5	-0.954956	
3.0888E-5	-0.817505	
3.0896E-5	-0.855713	
3.0904E-5	-1	
3.0912E-5	-1	
3.092E-5	-0.999878	
3.0928E-5	-0.999878	
3.0936E-5	-0.912231	
3.0944E-5	-1	
3.0952E-5	-0.801758	
3.096E-5	-1	
3.0968E-5	0.885254	
3.0976E-5	0.999878	
3.0984E-5	0.918457	
3.0992E-5	0.78894	
3.1E-5	0.999878	
3.1008E-5	0.999878	
3.1016E-5	0.999878	
3.1024E-5	0.845947	
3.1032E-5	0.999878	
3.104E-5	0.999878	
3.1048E-5	0.999878	
3.1056E-5	0.999878	
3.1064E-5	0.897461	
3.1072E-5	0.807495	
3.108E-5	0.999878	
3.1088E-5	0.999878	
3.1096E-5	0.766357	
3.1104E-5	0.999878	
3.1112E-5	0.825317	
3.112E-5	0.999878	
3.1128E-5	0.89502	
3.1136E-5	0.999878	
3.1144E-5	0.999878	
3.1152E-5	0.996094	
3.116E-5	0.999878	
3.1168E-5	0.983521	
3.1176E-5	0.862549	
3.1184E-5	0.841675	
3.1192E-5	0.912476	
3.12E-5	0.784424	
3.1208E-5	0.992432	
3.1216E-5	0.872314	
3.1224E-5	0.789551	
3.1232E-5	0.957031	
3.124E-5	0.961426	
3.1248E-5	0.874268	
3.1256E-5	0.999878	
3.1264E-5	0.817505	
3.1272E-5	0.977539	
3.128E-5	0.925049	
3.1288E-5	0.936401	
3.1296E-5	0.828857	
3.1304E-5	0.813354	
3.1312E-5	0.999878	
3.132E-5	0.965942	
3.1328E-5	0.999878	
3.1336E-5	0.807007	
3.1344E-5	0.832031	
3.1352E-5	0.979614	
3.136E-5	0.85498	
3.1368E-5	0.908447	
3.1376E-5	0.994873	
3.1384E-5	0.940063	
3.1392E-5	0.999878	
3.14E-5	0.999756	
3.1408E-5	0.804687	
3.1416E-5	0.999878	
3.1424E-5	0.993286	
3.1432E-5	0.849365	
3.144E-5	0.999878	
3.1448E-5	0.999878	
3.1456E-5	0.999878	
3.1464E-5	0.999878	
3.1472E-5	0.999878	
3.148E-5	0.766602	
3.1488E-5	0.999878	
3.1496E-5	0.999878	
3.1504E-5	0.999878	
3.1512E-5	0.999878	
3.152E-5	0.987915	
3.1528E-5	0.964233	
3.1536E-5	0.999878	
3.1544E-5	0.999878	
3.1552E-5	0.999878	
3.156E-5	0.87146	
3.1568E-5	0.908691	
3.1576E-5	0.80542	
3.1584E-5	0.879028	
3.1592E-5	0.848389	
3.16E-5	0.837524	
3.1608E-5	0.999878	
3.1616E-5	0.865601	
3.1624E-5	0.860107	
3.1632E-5	0.910767	
3.164E-5	0.888428	
3.1648E-5	0.999878	
3.1656E-5	0.999878	
3.1664E-5	0.999878	
3.1672E-5	0.918091	
3.168E-5	0.999878	
3.1688E-5	0.999878	
3.1696E-5	0.999878	
3.1704E-5	0.999878	
3.1712E-5	0.999878	
3.172E-5	0.999878	
3.1728E-5	0.999878	
3.1736E-5	0.989868	
3.1744E-5	0.999878	
3.1752E-5	0.949097	
3.176E-5	0.999878	
3.1768E-5	0.999878	
3.1776E-5	0.814087	
3.1784E-5	0.796997	
3.1792E-5	0.999878	
3.18E-5	0.785278	
3.1808E-5	0.937378	
3.1816E-5	0.978149	
3.1824E-5	0.888184	
3.1832E-5	0.999878	
3.184E-5	0.886353	
3.1848E-5	0.999878	
3.1856E-5	0.858276	
3.1864E-5	0.945435	
3.1872E-5	0.882202	
3.188E-5	0.999878	
3.1888E-5	0.821167	
3.1896E-5	0.999878	
3.1904E-5	0.999878	
3.1912E-5	0.999756	
3.192E-5	0.981201	
3.1928E-5	0.887817	
3.1936E-5	0.947632	
3.1944E-5	0.999878	
3.1952E-5	0.999756	
3.196E-5	0.853394	
3.1968E-5	0.984131	
3.1976E-5	0.768799	
3.1984E-5	-0.819214	
3.1992E-5	-0.800903	
3.2E-5	-0.828125	
3.2008E-5	-0.813965	
3.2016E-5	-0.777466	
3.2024E-5	-0.825928	
3.2032E-5	-1	
3.204E-5	-1	
3.2048E-5	-0.874512	
3.2056E-5	-0.777588	
3.2064E-5	-0.864624	
3.2072E-5	-1	
3.208E-5	-0.778931	
3.2088E-5	-0.841064	
3.2096E-5	-1	
3.2104E-5	-1	
3.2112E-5	-0.836548	
3.212E-5	-1	
3.2128E-5	-1	
3.2136E-5	-1	
3.2144E-5	-1	
3.2152E-5	-0.837769	
3.216E-5	-1	
3.2168E-5	-0.884277	
3.2176E-5	-0.920288	
3.2184E-5	-1	
3.2192E-5	-0.813477	
3.22E-5	-0.958618	
3.2208E-5	-0.8573	
3.2216E-5	-1	
3.2224E-5	-1	
3.2232E-5	-0.895752	
3.224E-5	-0.799316	
3.2248E-5	-0.965332	
3.2256E-5	-0.822266	
3.2264E-5	-0.919922	
3.2272E-5	-1	
3.228E-5	-1	
3.2288E-5	-0.955322	
3.2296E-5	-0.890381	
3.2304E-5	-1	
3.2312E-5	-1	
3.232E-5	-0.913818	
3.2328E-5	-1	
3.2336E-5	-0.880615	
3.2344E-5	-0.915894	
3.2352E-5	-1	
3.236E-5	-0.890747	
3.2368E-5	-0.89563	
3.2376E-5	-1	
3.2384E-5	-0.785889	
3.2392E-5	-0.798462	
3.24E-5	-1	
3.2408E-5	-0.789185	
3.2416E-5	-0.785522	
3.2424E-5	-0.957153	
3.2432E-5	-1	
3.244E-5	-0.954346	
3.2448E-5	-1	
3.2456E-5	-0.779785	
3.2464E-5	-0.796997	
3.2472E-5	-1	
3.248E-5	-1	
3.2488E-5	-0.887695	
3.2496E-5	-0.952026	
3.2504E-5	-0.874512	
3.2512E-5	-0.929443	
3.252E-5	-0.923828	
3.2528E-5	-0.878662	
3.2536E-5	-0.877441	
3.2544E-5	-1	
3.2552E-5	-0.999878	
3.256E-5	-0.906128	
3.2568E-5	-1	
3.2576E-5	-0.849731	
3.2584E-5	-0.884277	
3.2592E-5	-0.811768	
3.26E-5	-0.999878	
3.2608E-5	-0.999878	
3.2616E-5	-1	
3.2624E-5	-0.895752	
3.2632E-5	-0.939087	
3.264E-5	-1	
3.2648E-5	-0.812256	
3.2656E-5	-0.954102	
3.2664E-5	-0.835327	
3.2672E-5	-0.902344	
3.268E-5	-0.980103	
3.2688E-5	-1	
3.2696E-5	-0.845093	
3.2704E-5	-0.879761	
3.2712E-5	-1	
3.272E-5	-0.999878	
3.2728E-5	-0.887329	
3.2736E-5	-1	
3.2744E-5	-0.83374	
3.2752E-5	-0.836182	
3.276E-5	-0.941162	
3.2768E-5	-0.856689	
3.2776E-5	-1	
3.2784E-5	-0.87146	
3.2792E-5	-1	
3.28E-5	-1	
3.2808E-5	-0.798584	
3.2816E-5	-0.897461	
3.2824E-5	-1	
3.2832E-5	-0.858643	
3.284E-5	-0.860229	
3.2848E-5	-0.841919	
3.2856E-5	-0.84668	
3.2864E-5	-0.911987	
3.2872E-5	-1	
3.288E-5	-0.779419	
3.2888E-5	-1	
3.2896E-5	-0.963501	
3.2904E-5	-1	
3.2912E-5	-0.908447	
3.292E-5	-0.794067	
3.2928E-5	-1	
3.2936E-5	-1	
3.2944E-5	-0.815063	
3.2952E-5	-0.957397	
3.296E-5	-0.910645	
3.2968E-5	-0.803223	
3.2976E-5	-0.801025	
3.2984E-5	-0.882202	
3.2992E-5	-0.804443	
3.3E-5	0.999878	
3.3008E-5	0.863892	
3.3016E-5	0.935425	
3.3024E-5	0.998413	
3.3032E-5	0.875488	
3.304E-5	0.815918	
3.3048E-5	0.999878	
3.3056E-5	0.786133	
3.3064E-5	0.935059	
3.3072E-5	0.999878	
3.308E-5	0.830933	
3.3088E-5	0.999878	
3.3096E-5	0.999878	
3.3104E-5	0.999878	
3.3112E-5	0.839355	
3.312E-5	0.817627	
3.3128E-5	0.778687	
3.3136E-5	0.999878	
3.3144E-5	0.769165	
3.3152E-5	0.803101	
3.316E-5	0.999878	
3.3168E-5	0.999878	
3.3176E-5	0.999268	
3.3184E-5	0.979736	
3.3192E-5	0.999878	
3.32E-5	0.889771	
3.3208E-5	0.999878	
3.3216E-5	0.88208	
3.3224E-5	0.939941	
3.3232E-5	0.999878	
3.324E-5	0.854492	
3.3248E-5	0.999878	
3.3256E-5	0.999878	
3.3264E-5	0.999878	
3.3272E-5	0.999878	
3.328E-5	0.999878	
3.3288E-5	0.829102	
3.3296E-5	0.850464	
3.3304E-5	0.808716	
3.3312E-5	0.915894	
3.332E-5	0.995728	
3.3328E-5	0.999878	
3.3336E-5	0.862061	
3.3344E-5	0.871826	
3.3352E-5	0.820801	
3.336E-5	0.999878	
3.3368E-5	0.943115	
3.3376E-5	0.999878	
3.3384E-5	0.930176	
3.3392E-5	0.999878	
3.34E-5	0.808228	
3.3408E-5	0.927246	
3.3416E-5	0.999878	
3.3424E-5	0.979126	
3.3432E-5	0.828247	
3.344E-5	0.890015	
3.3448E-5	0.999878	
3.3456E-5	0.999878	
3.3464E-5	0.999878	
3.3472E-5	0.783569	
3.348E-5	0.809937	
3.3488E-5	0.999878	
3.3496E-5	0.999878	
3.3504E-5	0.958496	
3.3512E-5	0.792603	
3.352E-5	0.999878	
3.3528E-5	0.918701	
3.3536E-5	0.999878	
3.3544E-5	0.973145	
3.3552E-5	0.999756	
3.356E-5	0.977905	
3.3568E-5	0.8927	
3.3576E-5	0.955811	
3.3584E-5	0.802124	
3.3592E-5	0.999878	
3.36E-5	0.999878	
3.3608E-5	0.914185	
3.3616E-5	0.870239	
3.3624E-5	0.805542	
3.3632E-5	0.968018	
3.364E-5	0.999878	
3.3648E-5	0.999878	
3.3656E-5	0.942627	
3.3664E-5	0.851929	
3.3672E-5	0.999878	
3.368E-5	0.889771	
3.3688E-5	0.999878	
3.3696E-5	0.999878	
3.3704E-5	0.885498	
3.3712E-5	0.967529	
3.372E-5	0.908081	
3.3728E-5	0.76709	
3.3736E-5	0.999756	
3.3744E-5	0.999878	
3.3752E-5	0.93042	
3.376E-5	0.82019	
3.3768E-5	0.999878	
3.3776E-5	0.994019	
3.3784E-5	0.999878	
3.3792E-5	0.825928	
3.38E-5	0.999878	
3.3808E-5	0.999878	
3.3816E-5	0.828613	
3.3824E-5	0.962646	
3.3832E-5	0.999878	
3.384E-5	0.999878	
3.3848E-5	0.863159	
3.3856E-5	0.999878	
3.3864E-5	0.854492	
3.3872E-5	0.837891	
3.388E-5	0.999878	
3.3888E-5	0.992676	
3.3896E-5	0.802734	
3.3904E-5	0.999878	
3.3912E-5	0.999878	
3.392E-5	0.97998	
3.3928E-5	0.999756	
3.3936E-5	0.999878	
3.3944E-5	0.870361	
3.3952E-5	0.996216	
3.396E-5	0.862671	
3.3968E-5	0.835815	
3.3976E-5	0.999878	
3.3984E-5	0.832764	
3.3992E-5	0.897095	
3.4E-5	0.999878	
3.4008E-5	0.906128	
3.4016E-5	-0.910278	
3.4024E-5	-0.829834	
3.4032E-5	-0.893433	
3.404E-5	-0.827637	
3.4048E-5	-1	
3.4056E-5	-1	
3.4064E-5	-1	
3.4072E-5	-0.895996	
3.408E-5	-1	
3.4088E-5	-0.903076	
3.4096E-5	-0.817749	
3.4104E-5	-1	
3.4112E-5	-1	
3.412E-5	-1	
3.4128E-5	-0.907227	
3.4136E-5	-1	
3.4144E-5	-1	
3.4152E-5	-0.929443	
3.416E-5	-1	
3.4168E-5	-0.804077	
3.4176E-5	-0.807617	
3.4184E-5	-1	
3.4192E-5	-0.872925	
3.42E-5	-0.834961	
3.4208E-5	-1	
3.4216E-5	-0.89856	
3.4224E-5	-1	
3.4232E-5	-0.845581	
3.424E-5	-1	
3.4248E-5	-1	
3.4256E-5	-1	
3.4264E-5	-1	
3.4272E-5	-0.906372	
3.428E-5	-0.812866	
3.4288E-5	-1	
3.4296E-5	-0.917725	
3.4304E-5	-0.832031	
3.4312E-5	-0.959473	
3.432E-5	-0.922241	
3.4328E-5	-0.891602	
3.4336E-5	-1	
3.4344E-5	-0.863525	
3.4352E-5	-0.848145	
3.436E-5	-0.928955	
3.4368E-5	-1	
3.4376E-5	-0.792114	
3.4384E-5	-0.908081	
3.4392E-5	-0.801147	
3.44E-5	-0.972534	
3.4408E-5	-0.779419	
3.4416E-5	-1	
3.4424E-5	-0.882568	
3.4432E-5	-1	
3.444E-5	-1	
3.4448E-5	-0.822754	
3.4456E-5	-1	
3.4464E-5	-1	
3.4472E-5	-0.93103	
3.448E-5	-1	
3.4488E-5	-0.913452	
3.4496E-5	-1	
3.4504E-5	-0.970459	
3.4512E-5	-0.927979	
3.452E-5	-0.779297	
3.4528E-5	-1	
3.4536E-5	-0.976318	
3.4544E-5	-1	
3.4552E-5	-0.793091	
3.456E-5	-1	
3.4568E-5	-0.878418	
3.4576E-5	-1	
3.4584E-5	-1	
3.4592E-5	-1	
3.46E-5	-1	
3.4608E-5	-0.942871	
3.4616E-5	-0.81897	
3.4624E-5	-1	
3.4632E-5	-0.882202	
3.464E-5	-0.807007	
3.4648E-5	-0.787964	
3.4656E-5	-1	
3.4664E-5	-0.921875	
3.4672E-5	-0.849731	
3.468E-5	-1	
3.4688E-5	-0.887695	
3.4696E-5	-0.77356	
3.4704E-5	-0.865479	
3.4712E-5	-1	
3.472E-5	-0.983398	
3.4728E-5	-1	
3.4736E-5	-1	
3.4744E-5	-0.889648	
3.4752E-5	-1	
3.476E-5	-1	
3.4768E-5	-0.965576	
3.4776E-5	-0.783203	
3.4784E-5	-1	
3.4792E-5	-0.985474	
3.48E-5	-0.876831	
3.4808E-5	-0.868286	
3.4816E-5	-1	
3.4824E-5	-1	
3.4832E-5	-0.963013	
3.484E-5	-1	
3.4848E-5	-0.873047	
3.4856E-5	-0.839233	
3.4864E-5	-0.926025	
3.4872E-5	-0.963379	
3.488E-5	-1	
3.4888E-5	-1	
3.4896E-5	-0.805054	
3.4904E-5	-1	
3.4912E-5	-0.958984	
3.492E-5	-0.89624	
3.4928E-5	-0.835693	
3.4936E-5	-0.909302	
3.4944E-5	-1	
3.4952E-5	-1	
3.496E-5	0.933716	
3.4968E-5	0.96521	
3.4976E-5	0.999756	
3.4984E-5	0.890747	
3.4992E-5	0.848877	
3.5E-5	0.865479	
3.5008E-5	0.922119	
3.5016E-5	0.999878	
3.5024E-5	0.933105	
3.5032E-5	0.856812	
3.504E-5	0.835937	
3.5048E-5	0.94104	
3.5056E-5	0.999878	
3.5064E-5	0.865112	
3.5072E-5	0.846924	
3.508E-5	0.887573	
3.5088E-5	0.809326	
3.5096E-5	0.769897	
3.5104E-5	0.861572	
3.5112E-5	0.914673	
3.512E-5	0.77002	
3.5128E-5	0.999878	
3.5136E-5	0.998291	
3.5144E-5	0.835083	
3.5152E-5	0.942505	
3.516E-5	0.999878	
3.5168E-5	0.997314	
3.5176E-5	0.999878	
3.5184E-5	0.804321	
3.5192E-5	0.99353	
3.52E-5	0.999878	
3.5208E-5	0.924316	
3.5216E-5	0.999878	
3.5224E-5	0.837769	
3.5232E-5	0.886108	
3.524E-5	0.851685	
3.5248E-5	0.84729	
3.5256E-5	0.773437	
3.5264E-5	0.999878	
3.5272E-5	0.999878	
3.528E-5	0.995728	
3.5288E-5	0.930542	
3.5296E-5	0.948242	
3.5304E-5	0.910522	
3.5312E-5	0.999878	
3.532E-5	0.908691	
3.5328E-5	0.87439	
3.5336E-5	0.999878	
3.5344E-5	0.999878	
3.5352E-5	0.999878	
3.536E-5	0.999878	
3.5368E-5	0.999756	
3.5376E-5	0.799316	
3.5384E-5	0.999878	
3.5392E-5	0.938599	
3.54E-5	0.902344	
3.5408E-5	0.766724	
3.5416E-5	0.934082	
3.5424E-5	0.80542	
3.5432E-5	0.959473	
3.544E-5	0.888062	
3.5448E-5	0.831299	
3.5456E-5	0.897095	
3.5464E-5	0.919312	
3.5472E-5	0.78894	
3.548E-5	0.787842	
3.5488E-5	0.999878	
3.5496E-5	0.999878	
3.5504E-5	0.838867	
3.5512E-5	0.790649	
3.552E-5	0.999878	
3.5528E-5	0.966797	
3.5536E-5	0.999878	
3.5544E-5	0.790649	
3.5552E-5	0.999878	
3.556E-5	0.999756	
3.5568E-5	0.999878	
3.5576E-5	0.981689	
3.5584E-5	0.999878	
3.5592E-5	0.813721	
3.56E-5	0.994629	
3.5608E-5	0.939575	
3.5616E-5	0.999756	
3.5624E-5	0.999878	
3.5632E-5	0.999878	
3.564E-5	0.874512	
3.5648E-5	0.999878	
3.5656E-5	0.999878	
3.5664E-5	0.999878	
3.5672E-5	0.809448	
3.568E-5	0.932251	
3.5688E-5	0.964966	
3.5696E-5	0.939941	
3.5704E-5	0.999756	
3.5712E-5	0.868042	
3.572E-5	0.85376	
3.5728E-5	0.93396	
3.5736E-5	0.999756	
3.5744E-5	0.999878	
3.5752E-5	0.960937	
3.576E-5	0.803467	
3.5768E-5	0.999878	
3.5776E-5	0.993042	
3.5784E-5	0.834229	
3.5792E-5	0.781738	
3.58E-5	0.784668	
3.5808E-5	0.833984	
3.5816E-5	0.85022	
3.5824E-5	0.999878	
3.5832E-5	0.999878	
3.584E-5	0.835449	
3.5848E-5	0.974121	
3.5856E-5	0.896973	
3.5864E-5	0.999878	
3.5872E-5	0.999878	
3.588E-5	0.777466	
3.5888E-5	0.999878	
3.5896E-5	0.999878	
3.5904E-5	0.879395	
3.5912E-5	0.977905	
3.592E-5	0.916504	
3.5928E-5	-0.897949	
3.5936E-5	-0.90564	
3.5944E-5	-1	
3.5952E-5	-1	
3.596E-5	-0.923706	
3.5968E-5	-0.959961	
3.5976E-5	-0.859741	
3.5984E-5	-0.807373	
3.5992E-5	-0.917725	